
SOAP Analysis Report Output for starlink_starlink_20_sats_33.orb,
Generated: Thu Dec 15 21:12:31 2022,
Start: 2022/04/30 01:42:00.00, Stop: 2022/05/01 01:42:00.00,
Samples: 25, Step: 3600.000000 s, System: UTC,
TIME_UNITS,     Distance STARLINK-3340 - STARLINK-1487,Distance STARLINK-3340 - STARLINK-3864,Distance STARLINK-3340 - STARLINK-2125,Distance STARLINK-3340 - STARLINK-2621,Distance STARLINK-3340 - STARLINK-2222,Distance STARLINK-3340 - STARLINK-3194,Distance STARLINK-3340 - STARLINK-2644,Distance STARLINK-3340 - STARLINK-3042,Distance STARLINK-3340 - STARLINK-3790,Distance STARLINK-3340 - STARLINK-2251,Distance STARLINK-3340 - STARLINK-1295,Distance STARLINK-3340 - STARLINK-2056,Distance STARLINK-3340 - STARLINK-3618,Distance STARLINK-3340 - STARLINK-3348,Distance STARLINK-3340 - STARLINK-3722,Distance STARLINK-3340 - STARLINK-3557,Distance STARLINK-3340 - STARLINK-3326,Distance STARLINK-3340 - STARLINK-3527,Distance STARLINK-3340 - STARLINK-1908,Distance STARLINK-3340 - IOAG-Equatorial,Distance STARLINK-3340 - IOAG-North1,Distance STARLINK-3340 - IOAG-North2,Distance STARLINK-3340 - IOAG-South1,Distance STARLINK-3340 - IOAG-South2,Distance STARLINK-1487 - STARLINK-3864,Distance STARLINK-1487 - STARLINK-2125,Distance STARLINK-1487 - STARLINK-2621,Distance STARLINK-1487 - STARLINK-2222,Distance STARLINK-1487 - STARLINK-3194,Distance STARLINK-1487 - STARLINK-2644,Distance STARLINK-1487 - STARLINK-3042,Distance STARLINK-1487 - STARLINK-3790,Distance STARLINK-1487 - STARLINK-2251,Distance STARLINK-1487 - STARLINK-1295,Distance STARLINK-1487 - STARLINK-2056,Distance STARLINK-1487 - STARLINK-3618,Distance STARLINK-1487 - STARLINK-3348,Distance STARLINK-1487 - STARLINK-3722,Distance STARLINK-1487 - STARLINK-3557,Distance STARLINK-1487 - STARLINK-3326,Distance STARLINK-1487 - STARLINK-3527,Distance STARLINK-1487 - STARLINK-1908,Distance STARLINK-1487 - IOAG-Equatorial,Distance STARLINK-1487 - IOAG-North1,Distance STARLINK-1487 - IOAG-North2,Distance STARLINK-1487 - IOAG-South1,Distance STARLINK-1487 - IOAG-South2,Distance STARLINK-3864 - STARLINK-2125,Distance STARLINK-3864 - STARLINK-2621,Distance STARLINK-3864 - STARLINK-2222,Distance STARLINK-3864 - STARLINK-3194,Distance STARLINK-3864 - STARLINK-2644,Distance STARLINK-3864 - STARLINK-3042,Distance STARLINK-3864 - STARLINK-3790,Distance STARLINK-3864 - STARLINK-2251,Distance STARLINK-3864 - STARLINK-1295,Distance STARLINK-3864 - STARLINK-2056,Distance STARLINK-3864 - STARLINK-3618,Distance STARLINK-3864 - STARLINK-3348,Distance STARLINK-3864 - STARLINK-3722,Distance STARLINK-3864 - STARLINK-3557,Distance STARLINK-3864 - STARLINK-3326,Distance STARLINK-3864 - STARLINK-3527,Distance STARLINK-3864 - STARLINK-1908,Distance STARLINK-3864 - IOAG-Equatorial,Distance STARLINK-3864 - IOAG-North1,Distance STARLINK-3864 - IOAG-North2,Distance STARLINK-3864 - IOAG-South1,Distance STARLINK-3864 - IOAG-South2,Distance STARLINK-2125 - STARLINK-2621,Distance STARLINK-2125 - STARLINK-2222,Distance STARLINK-2125 - STARLINK-3194,Distance STARLINK-2125 - STARLINK-2644,Distance STARLINK-2125 - STARLINK-3042,Distance STARLINK-2125 - STARLINK-3790,Distance STARLINK-2125 - STARLINK-2251,Distance STARLINK-2125 - STARLINK-1295,Distance STARLINK-2125 - STARLINK-2056,Distance STARLINK-2125 - STARLINK-3618,Distance STARLINK-2125 - STARLINK-3348,Distance STARLINK-2125 - STARLINK-3722,Distance STARLINK-2125 - STARLINK-3557,Distance STARLINK-2125 - STARLINK-3326,Distance STARLINK-2125 - STARLINK-3527,Distance STARLINK-2125 - STARLINK-1908,Distance STARLINK-2125 - IOAG-Equatorial,Distance STARLINK-2125 - IOAG-North1,Distance STARLINK-2125 - IOAG-North2,Distance STARLINK-2125 - IOAG-South1,Distance STARLINK-2125 - IOAG-South2,Distance STARLINK-2621 - STARLINK-2222,Distance STARLINK-2621 - STARLINK-3194,Distance STARLINK-2621 - STARLINK-2644,Distance STARLINK-2621 - STARLINK-3042,Distance STARLINK-2621 - STARLINK-3790,Distance STARLINK-2621 - STARLINK-2251,Distance STARLINK-2621 - STARLINK-1295,Distance STARLINK-2621 - STARLINK-2056,Distance STARLINK-2621 - STARLINK-3618,Distance STARLINK-2621 - STARLINK-3348,Distance STARLINK-2621 - STARLINK-3722,Distance STARLINK-2621 - STARLINK-3557,Distance STARLINK-2621 - STARLINK-3326,Distance STARLINK-2621 - STARLINK-3527,Distance STARLINK-2621 - STARLINK-1908,Distance STARLINK-2621 - IOAG-Equatorial,Distance STARLINK-2621 - IOAG-North1,Distance STARLINK-2621 - IOAG-North2,Distance STARLINK-2621 - IOAG-South1,Distance STARLINK-2621 - IOAG-South2,Distance STARLINK-2222 - STARLINK-3194,Distance STARLINK-2222 - STARLINK-2644,Distance STARLINK-2222 - STARLINK-3042,Distance STARLINK-2222 - STARLINK-3790,Distance STARLINK-2222 - STARLINK-2251,Distance STARLINK-2222 - STARLINK-1295,Distance STARLINK-2222 - STARLINK-2056,Distance STARLINK-2222 - STARLINK-3618,Distance STARLINK-2222 - STARLINK-3348,Distance STARLINK-2222 - STARLINK-3722,Distance STARLINK-2222 - STARLINK-3557,Distance STARLINK-2222 - STARLINK-3326,Distance STARLINK-2222 - STARLINK-3527,Distance STARLINK-2222 - STARLINK-1908,Distance STARLINK-2222 - IOAG-Equatorial,Distance STARLINK-2222 - IOAG-North1,Distance STARLINK-2222 - IOAG-North2,Distance STARLINK-2222 - IOAG-South1,Distance STARLINK-2222 - IOAG-South2,Distance STARLINK-3194 - STARLINK-2644,Distance STARLINK-3194 - STARLINK-3042,Distance STARLINK-3194 - STARLINK-3790,Distance STARLINK-3194 - STARLINK-2251,Distance STARLINK-3194 - STARLINK-1295,Distance STARLINK-3194 - STARLINK-2056,Distance STARLINK-3194 - STARLINK-3618,Distance STARLINK-3194 - STARLINK-3348,Distance STARLINK-3194 - STARLINK-3722,Distance STARLINK-3194 - STARLINK-3557,Distance STARLINK-3194 - STARLINK-3326,Distance STARLINK-3194 - STARLINK-3527,Distance STARLINK-3194 - STARLINK-1908,Distance STARLINK-3194 - IOAG-Equatorial,Distance STARLINK-3194 - IOAG-North1,Distance STARLINK-3194 - IOAG-North2,Distance STARLINK-3194 - IOAG-South1,Distance STARLINK-3194 - IOAG-South2,Distance STARLINK-2644 - STARLINK-3042,Distance STARLINK-2644 - STARLINK-3790,Distance STARLINK-2644 - STARLINK-2251,Distance STARLINK-2644 - STARLINK-1295,Distance STARLINK-2644 - STARLINK-2056,Distance STARLINK-2644 - STARLINK-3618,Distance STARLINK-2644 - STARLINK-3348,Distance STARLINK-2644 - STARLINK-3722,Distance STARLINK-2644 - STARLINK-3557,Distance STARLINK-2644 - STARLINK-3326,Distance STARLINK-2644 - STARLINK-3527,Distance STARLINK-2644 - STARLINK-1908,Distance STARLINK-2644 - IOAG-Equatorial,Distance STARLINK-2644 - IOAG-North1,Distance STARLINK-2644 - IOAG-North2,Distance STARLINK-2644 - IOAG-South1,Distance STARLINK-2644 - IOAG-South2,Distance STARLINK-3042 - STARLINK-3790,Distance STARLINK-3042 - STARLINK-2251,Distance STARLINK-3042 - STARLINK-1295,Distance STARLINK-3042 - STARLINK-2056,Distance STARLINK-3042 - STARLINK-3618,Distance STARLINK-3042 - STARLINK-3348,Distance STARLINK-3042 - STARLINK-3722,Distance STARLINK-3042 - STARLINK-3557,Distance STARLINK-3042 - STARLINK-3326,Distance STARLINK-3042 - STARLINK-3527,Distance STARLINK-3042 - STARLINK-1908,Distance STARLINK-3042 - IOAG-Equatorial,Distance STARLINK-3042 - IOAG-North1,Distance STARLINK-3042 - IOAG-North2,Distance STARLINK-3042 - IOAG-South1,Distance STARLINK-3042 - IOAG-South2,Distance STARLINK-3790 - STARLINK-2251,Distance STARLINK-3790 - STARLINK-1295,Distance STARLINK-3790 - STARLINK-2056,Distance STARLINK-3790 - STARLINK-3618,Distance STARLINK-3790 - STARLINK-3348,Distance STARLINK-3790 - STARLINK-3722,Distance STARLINK-3790 - STARLINK-3557,Distance STARLINK-3790 - STARLINK-3326,Distance STARLINK-3790 - STARLINK-3527,Distance STARLINK-3790 - STARLINK-1908,Distance STARLINK-3790 - IOAG-Equatorial,Distance STARLINK-3790 - IOAG-North1,Distance STARLINK-3790 - IOAG-North2,Distance STARLINK-3790 - IOAG-South1,Distance STARLINK-3790 - IOAG-South2,Distance STARLINK-2251 - STARLINK-1295,Distance STARLINK-2251 - STARLINK-2056,Distance STARLINK-2251 - STARLINK-3618,Distance STARLINK-2251 - STARLINK-3348,Distance STARLINK-2251 - STARLINK-3722,Distance STARLINK-2251 - STARLINK-3557,Distance STARLINK-2251 - STARLINK-3326,Distance STARLINK-2251 - STARLINK-3527,Distance STARLINK-2251 - STARLINK-1908,Distance STARLINK-2251 - IOAG-Equatorial,Distance STARLINK-2251 - IOAG-North1,Distance STARLINK-2251 - IOAG-North2,Distance STARLINK-2251 - IOAG-South1,Distance STARLINK-2251 - IOAG-South2,Distance STARLINK-1295 - STARLINK-2056,Distance STARLINK-1295 - STARLINK-3618,Distance STARLINK-1295 - STARLINK-3348,Distance STARLINK-1295 - STARLINK-3722,Distance STARLINK-1295 - STARLINK-3557,Distance STARLINK-1295 - STARLINK-3326,Distance STARLINK-1295 - STARLINK-3527,Distance STARLINK-1295 - STARLINK-1908,Distance STARLINK-1295 - IOAG-Equatorial,Distance STARLINK-1295 - IOAG-North1,Distance STARLINK-1295 - IOAG-North2,Distance STARLINK-1295 - IOAG-South1,Distance STARLINK-1295 - IOAG-South2,Distance STARLINK-2056 - STARLINK-3618,Distance STARLINK-2056 - STARLINK-3348,Distance STARLINK-2056 - STARLINK-3722,Distance STARLINK-2056 - STARLINK-3557,Distance STARLINK-2056 - STARLINK-3326,Distance STARLINK-2056 - STARLINK-3527,Distance STARLINK-2056 - STARLINK-1908,Distance STARLINK-2056 - IOAG-Equatorial,Distance STARLINK-2056 - IOAG-North1,Distance STARLINK-2056 - IOAG-North2,Distance STARLINK-2056 - IOAG-South1,Distance STARLINK-2056 - IOAG-South2,Distance STARLINK-3618 - STARLINK-3348,Distance STARLINK-3618 - STARLINK-3722,Distance STARLINK-3618 - STARLINK-3557,Distance STARLINK-3618 - STARLINK-3326,Distance STARLINK-3618 - STARLINK-3527,Distance STARLINK-3618 - STARLINK-1908,Distance STARLINK-3618 - IOAG-Equatorial,Distance STARLINK-3618 - IOAG-North1,Distance STARLINK-3618 - IOAG-North2,Distance STARLINK-3618 - IOAG-South1,Distance STARLINK-3618 - IOAG-South2,Distance STARLINK-3348 - STARLINK-3722,Distance STARLINK-3348 - STARLINK-3557,Distance STARLINK-3348 - STARLINK-3326,Distance STARLINK-3348 - STARLINK-3527,Distance STARLINK-3348 - STARLINK-1908,Distance STARLINK-3348 - IOAG-Equatorial,Distance STARLINK-3348 - IOAG-North1,Distance STARLINK-3348 - IOAG-North2,Distance STARLINK-3348 - IOAG-South1,Distance STARLINK-3348 - IOAG-South2,Distance STARLINK-3722 - STARLINK-3557,Distance STARLINK-3722 - STARLINK-3326,Distance STARLINK-3722 - STARLINK-3527,Distance STARLINK-3722 - STARLINK-1908,Distance STARLINK-3722 - IOAG-Equatorial,Distance STARLINK-3722 - IOAG-North1,Distance STARLINK-3722 - IOAG-North2,Distance STARLINK-3722 - IOAG-South1,Distance STARLINK-3722 - IOAG-South2,Distance STARLINK-3557 - STARLINK-3326,Distance STARLINK-3557 - STARLINK-3527,Distance STARLINK-3557 - STARLINK-1908,Distance STARLINK-3557 - IOAG-Equatorial,Distance STARLINK-3557 - IOAG-North1,Distance STARLINK-3557 - IOAG-North2,Distance STARLINK-3557 - IOAG-South1,Distance STARLINK-3557 - IOAG-South2,Distance STARLINK-3326 - STARLINK-3527,Distance STARLINK-3326 - STARLINK-1908,Distance STARLINK-3326 - IOAG-Equatorial,Distance STARLINK-3326 - IOAG-North1,Distance STARLINK-3326 - IOAG-North2,Distance STARLINK-3326 - IOAG-South1,Distance STARLINK-3326 - IOAG-South2,Distance STARLINK-3527 - STARLINK-1908,Distance STARLINK-3527 - IOAG-Equatorial,Distance STARLINK-3527 - IOAG-North1,Distance STARLINK-3527 - IOAG-North2,Distance STARLINK-3527 - IOAG-South1,Distance STARLINK-3527 - IOAG-South2,Distance STARLINK-1908 - IOAG-Equatorial,Distance STARLINK-1908 - IOAG-North1,Distance STARLINK-1908 - IOAG-North2,Distance STARLINK-1908 - IOAG-South1,Distance STARLINK-1908 - IOAG-South2,Distance IOAG-Equatorial - IOAG-North1,Distance IOAG-Equatorial - IOAG-North2,Distance IOAG-Equatorial - IOAG-South1,Distance IOAG-Equatorial - IOAG-South2,Distance IOAG-North1 - IOAG-North2,Distance IOAG-North1 - IOAG-South1,Distance IOAG-North1 - IOAG-South2,Distance IOAG-North2 - IOAG-South1,Distance IOAG-North2 - IOAG-South2,Distance IOAG-South1 - IOAG-South2,
SECONDS,        km,                 km,                 km,                 km,                 km,                 km,                 km,                 km,                 km,                 km,                 km,                 km,                 km,                 km,                 km,                 km,                 km,                 km,                 km,                 km,                 km,                 km,                 km,                 km,                 km,                 km,                 km,                 km,                 km,                 km,                 km,                 km,                 km,                 km,                 km,                 km,                 km,                 km,                 km,                 km,                 km,                 km,                 km,                 km,                 km,                 km,                 km,                 km,                 km,                 km,                 km,                 km,                 km,                 km,                 km,                 km,                 km,                 km,                 km,                 km,                 km,                 km,                 km,                 km,                 km,                 km,                 km,                 km,                 km,                 km,                 km,                 km,                 km,                 km,                 km,                 km,                 km,                 km,                 km,                 km,                 km,                 km,                 km,                 km,                 km,                 km,                 km,                 km,                 km,                 km,                 km,                 km,                 km,                 km,                 km,                 km,                 km,                 km,                 km,                 km,                 km,                 km,                 km,                 km,                 km,                 km,                 km,                 km,                 km,                 km,                 km,                 km,                 km,                 km,                 km,                 km,                 km,                 km,                 km,                 km,                 km,                 km,                 km,                 km,                 km,                 km,                 km,                 km,                 km,                 km,                 km,                 km,                 km,                 km,                 km,                 km,                 km,                 km,                 km,                 km,                 km,                 km,                 km,                 km,                 km,                 km,                 km,                 km,                 km,                 km,                 km,                 km,                 km,                 km,                 km,                 km,                 km,                 km,                 km,                 km,                 km,                 km,                 km,                 km,                 km,                 km,                 km,                 km,                 km,                 km,                 km,                 km,                 km,                 km,                 km,                 km,                 km,                 km,                 km,                 km,                 km,                 km,                 km,                 km,                 km,                 km,                 km,                 km,                 km,                 km,                 km,                 km,                 km,                 km,                 km,                 km,                 km,                 km,                 km,                 km,                 km,                 km,                 km,                 km,                 km,                 km,                 km,                 km,                 km,                 km,                 km,                 km,                 km,                 km,                 km,                 km,                 km,                 km,                 km,                 km,                 km,                 km,                 km,                 km,                 km,                 km,                 km,                 km,                 km,                 km,                 km,                 km,                 km,                 km,                 km,                 km,                 km,                 km,                 km,                 km,                 km,                 km,                 km,                 km,                 km,                 km,                 km,                 km,                 km,                 km,                 km,                 km,                 km,                 km,                 km,                 km,                 km,                 km,                 km,                 km,                 km,                 km,                 km,                 km,                 km,                 km,                 km,                 km,                 km,                 km,                 km,                 km,                 km,                 km,                 km,                 km,                 km,                 km,                 km,                 km,                 km,                 km,                 km,                 km,                 km,                 km,                 km,                 km,                 km,                 km,                 km,                 km,                 km,                 km,                 km,                 km,                 km,                 km,                 km,                 km,
       0.000,   8152.2989,          7241.8928,          3771.6200,         10141.4066,          7794.8967,         13582.4397,          4659.0235,         13859.8694,         12595.5059,          9821.9972,         11266.5614,         12869.0065,          4677.3739,          1065.2246,         11043.0681,          1617.7117,          2825.1294,          9712.4570,         13010.8704,        392527.0107,        385827.3536,        392304.3819,        382319.3194,        387206.0729,         10902.7589,          5630.1748,          9940.0203,         13039.0421,         10596.6563,          3934.1401,         11220.0425,          8231.7361,         13602.0384,         13740.5842,         12889.6743,          5729.3675,          7914.7328,         13567.2371,          9396.2518,          5696.5461,          9654.4013,          8325.9630,        396718.5952,        390045.7651,        396419.6994,        386449.2327,        391470.9039,          9893.0974,         13007.0842,          6219.1487,         12728.0576,          9130.5936,         11564.9360,         12977.9202,          6171.5326,          9375.4194,          8351.0543,         10452.9086,          6631.5125,          6939.5961,          6501.4386,          8528.9042,         12808.6358,         10955.7400,        397318.0618,        390576.5587,        397044.6524,        387183.4040,        392051.9363,          8566.0554,         10254.5221,         12495.7730,          2858.3274,         13348.2409,         10786.6087,         11953.4229,         12362.0212,         13775.2723,          1448.8463,          4188.9999,         12730.3737,          5170.7003,          2058.7129,          8096.5297,         12104.0347,        393068.2548,        386394.2616,        392844.8088,        382812.1684,        387745.2145,         10035.4636,          7421.0378,         10322.3213,          9458.1189,          6790.2830,         10776.6703,          8326.4530,         11469.2524,          7218.4818,         10807.3238,         10751.7171,         10254.0356,         10066.7463,           513.9824,         11167.9162,        399262.5088,        392619.3501,        399154.6076,        388970.1139,        393817.2328,         11829.1157,         11176.9906,         11442.4181,         12682.9782,          2914.0697,          5153.8446,          8511.8460,         10160.9454,          8049.4583,          4845.4177,          6410.4413,          9964.5226,          9903.0982,         13028.0877,        397546.8035,        390830.2483,        397398.0284,        387386.6226,        392151.7142,         12610.3666,          2708.2119,          3029.0555,         10668.7289,          8302.1657,          7227.0308,         11591.5662,         13709.5607,          9301.3195,         13624.7889,         13117.5524,          7733.4351,          5832.3365,        405420.0827,        398753.3558,        405231.9405,        395155.1686,        400055.3917,         13061.4870,         10773.0579,         12423.8256,         13283.2738,         13425.0411,          3897.5591,          4373.2221,         12983.5378,          6128.1405,          1937.3110,          9916.0009,         10882.5620,        393725.0632,        387039.0378,        393445.2536,        383482.5657,        388460.2926,          4986.9186,          9743.7277,          8044.7417,          5085.3202,         12680.4468,         13816.7048,          8071.2795,         13761.8182,         13570.5082,          9713.3677,          4751.7318,        406262.9979,        399576.5354,        406044.6633,        396029.4569,        400930.4985,         12068.0242,         10116.2342,          9243.1339,          9857.1098,         12717.2689,         11044.0922,         12989.0642,         11569.2254,          6983.9552,          5440.4479,        403609.1208,        396952.6865,        403398.6145,        393322.0344,        398266.9553,          3934.0706,          6021.8267,         11795.5151,          9879.8862,          2085.4772,          8621.7815,         11573.5705,         10759.9993,         11754.8540,        400268.5720,        393544.5878,        400102.6069,        390119.3648,        394890.6223,          6051.2297,         11746.8028,         11576.1924,          3500.9577,         10323.5176,         12607.7236,          8469.0788,         11295.2139,        402075.5299,        395377.5159,        401956.9923,        391884.5636,        396645.7959,         13461.7952,         12691.2032,          4074.4640,         12277.7676,         13443.4861,         11613.9697,          7454.5810,        405033.7205,        398313.8233,        404810.3498,        394863.9970,        399710.8313,          5236.8600,         12468.2745,          5827.2888,          3398.8900,          6742.2210,         11778.0245,        393874.6637,        387209.0391,        393671.8107,        383606.5084,        388529.5940,         11040.4261,          2082.0726,          2730.0059,         10394.5845,         12692.2560,        392682.9804,        385977.2581,        392439.9499,        382483.4077,        387383.3462,         10036.0930,         12413.8642,         10815.1241,         10465.1783,        402207.0622,        395484.9258,        402030.9061,        392051.6690,        396838.2305,          4385.1179,          9858.2059,         13350.1037,        392887.3913,        386181.4737,        392680.6802,        382694.6604,        387550.9751,          9627.1191,         11955.1847,        392841.1004,        386151.7120,        392587.1240,        382608.7570,        387550.7109,         11247.2512,        398779.7747,        392135.7766,        398668.4673,        388488.2821,        393338.1991,        404559.9596,        397867.5338,        404259.1479,        394325.1178,        399312.6837,          7363.8613,          7977.1746,         11500.2877,          9772.2522,          9489.1698,          8934.9843,         10149.3140,         14595.9232,         16897.8334,          9489.1698,
    3600.000,   7271.3071,          2998.8607,          2744.2350,         12186.3079,          7657.9808,         13794.2939,          4532.3195,         10806.6606,         13390.3623,          9277.9001,         11274.3540,         10608.2153,         10421.5296,           680.4012,          9583.3858,          8676.1431,          2716.5211,         10760.2628,          9278.7966,        405474.8087,        399330.8815,        404611.1877,        393969.4532,        400663.5114,          7753.7301,          5497.0890,          9526.3310,         11874.1441,         11849.8577,          3256.3496,          5349.4434,         11301.4506,         11574.8813,         13701.3421,          8874.8991,         10871.8882,          6712.3396,         10724.9283,         12739.1924,          4990.1226,          8009.3521,          5265.5450,        398530.7121,        392389.3278,        397697.6957,        387002.8491,        393675.4158,          5173.7504,         13093.4651,          5832.2181,         13500.9514,          5999.9841,         10035.6046,         13290.0286,          6922.2423,         10266.1601,          8491.1920,         11757.5532,          2952.4999,          7127.5219,          9321.6264,          4712.8487,         12077.7909,          7901.2178,        405225.6033,        399135.8101,        404378.8433,        393699.5869,        400424.1585,         10809.9460,          9794.5456,         13414.6322,          2354.4454,          9911.1870,         12852.9639,         11015.0803,         12541.8856,         11169.6315,          9637.1324,          2432.9063,         11018.6438,          9642.8739,           930.0374,          9013.2494,          8973.4678,        403611.9901,        397436.7944,        402748.6041,        392111.6125,        398780.0806,         13484.3676,          5746.9957,         10350.0793,          9212.7724,          4764.7914,         13437.4642,         11290.5601,         12117.0705,          4727.2462,         12140.9077,         13127.1643,         10245.5421,         11120.2032,          2447.5697,         11218.3970,        395744.6191,        389522.7559,        394766.3205,        384344.4963,        391063.9941,         11815.9606,         10783.2401,         12016.4322,         11957.0738,          3215.6301,          5545.1852,          8388.7443,         11492.2068,          7977.9830,          4825.0194,          7055.4609,          9665.4669,         13438.8458,         10354.2082,        405843.2878,        399785.4908,        404936.0711,        394361.5721,        401157.7777,         13011.8906,          9158.0193,           982.9473,         10836.4578,          8175.5871,          9728.5006,          7690.4472,         13801.8232,         10455.5226,         10362.2972,         13488.2412,          7807.2216,         10837.8979,        395351.5857,        389217.0482,        394364.9058,        383946.7035,        390742.5623,          8143.7319,         12434.9557,         11354.0316,         13284.9327,         10282.5887,         10251.7583,          3991.4829,         10973.9267,         11166.6920,          1896.8128,          8526.7177,          7391.9937,        401578.5103,        395415.4149,        400734.1276,        390062.0489,        396725.5847,          8924.2227,         10401.4915,         12543.7895,          5679.3233,         11867.3151,         10368.8371,          8995.2979,         13857.2808,          9403.3772,          9022.0946,          3057.6454,        395197.5755,        389116.7552,        394354.5395,        383669.6541,        390399.3860,         11147.4258,          8545.1700,          9969.2934,          6955.9143,         13389.3391,         10773.8770,         10142.0554,         12962.1828,          6853.9466,         10709.9172,        395382.8907,        389233.1072,        394397.3563,        383978.9098,        390761.8449,          5833.2724,          5774.4139,         12518.1409,          9386.6369,          1827.1026,          9281.4127,         10687.6048,         13687.8050,          8699.4365,        403438.8425,        397421.1171,        402549.9958,        391938.4413,        398752.2154,          9572.0416,          9414.0956,         11590.2662,          6925.2789,          6018.7886,         12628.7670,         12189.2435,         12130.3545,        402977.6587,        396893.4516,        401998.0533,        391559.4272,        398388.9190,         13256.8418,         10352.7944,          4006.6713,         12702.6236,         10592.0659,         12372.8205,          4179.5210,        398427.4978,        392420.5236,        397581.9537,        386892.1233,        393681.7777,         10634.5497,         12851.5028,          6298.8585,         10221.6104,          4796.1521,         12884.4578,        400196.8595,        393957.1946,        399192.7685,        388819.5042,        395543.4384,          9564.1571,          9190.6981,          2209.6308,         10671.6877,          8807.8004,        405030.1609,        398889.5034,        404174.5160,        393518.2185,        400208.7108,         10440.4000,         10583.3104,         13389.8256,          7233.6339,        401944.7515,        395937.3797,        401072.6966,        390429.9812,        397239.2248,         10139.5530,         10226.4869,         13531.4631,        405407.8004,        399228.9081,        404414.9435,        394011.3332,        400775.6449,          9384.5219,          8277.4606,        403371.8953,        397211.4726,        402520.5753,        391859.9552,        398531.0336,         10777.2795,        396797.9108,        390561.7891,        395841.9044,        385381.7010,        392072.5324,        397636.2270,        391585.8974,        396818.2270,        386084.3254,        392818.5430,          9599.9529,          6412.3896,         12760.6743,          9725.2048,          8586.8855,         12793.8905,         11350.3493,         15841.7167,         14806.2093,          8586.8855,
    7200.000,   7645.4521,          4381.9709,          2381.5653,          8416.9073,          7383.1747,         13786.0415,          4555.0117,          6736.7710,         13336.0955,          8294.6434,         11287.7593,          8503.8044,         11106.1355,           661.1621,          7535.6661,         11092.0701,          2743.0981,          5755.3414,          9751.5459,        399353.1046,        395441.4166,        398724.0611,        389166.7562,        396814.6302,         10770.5116,          5555.1907,          4044.8226,         11270.7847,         10899.6637,          4135.1062,          5721.8528,         10422.9485,         10683.0379,         13115.7235,          8931.1473,          7563.1917,          7508.2516,         10160.7614,         12500.9360,          5523.1440,          3581.4937,          8118.1199,        405064.7675,        401036.0988,        404422.0116,        394828.5027,        402431.0714,          6505.2898,         10678.5168,          6063.8735,         13240.6495,          8039.2728,          9339.8345,         12963.9516,          7800.1015,          9038.1131,          9315.6250,         11724.1480,          4502.4093,          7338.5350,          8756.4900,          6582.8843,          8838.3768,         10893.0459,        396190.4477,        392327.8547,        395594.3610,        385946.9025,        393616.1391,          6727.9126,          8732.0284,         13403.2316,          2516.7057,          5854.1145,         12936.1494,          9132.1334,         12271.4829,          8588.4466,         10124.4041,          2238.7409,          8369.2936,         11731.5311,           989.2380,          3830.5278,          9315.6014,        401490.7270,        397550.2176,        400853.1336,        391306.8061,        398943.1899,         12816.6987,         10617.4490,          4422.0249,          9073.9043,         10644.8403,         12706.2339,         13829.1870,         11625.0718,          4658.6478,          8008.8402,         12252.5957,         10221.0519,          6108.7421,          3058.2134,         10966.9723,        406228.8192,        402286.0177,        405626.7330,        395940.2437,        403579.6143,         11791.0989,         10533.0037,          7158.4063,         10992.1959,          2154.5792,          5481.0322,          4742.2411,         13476.6678,          7899.9049,          2065.6507,         11515.0188,          9351.2718,         11259.0795,          6874.6940,        393812.8660,        389800.9727,        393177.8936,        383568.4468,        391176.8383,         12779.9754,         11539.3293,          1361.2762,         10971.9995,          8429.6148,         10509.8934,          7523.2053,         13781.8422,         11292.2667,          9126.9700,         13364.6778,         12122.8857,          9187.4138,        400773.7622,        396713.6366,        400196.4138,        390329.1030,        397921.8649,          6907.4654,         12475.3630,         10743.4761,         13233.3599,          9903.7369,          8352.7567,          4166.0151,         10069.4456,         11293.2540,          1873.0376,          1380.8256,         10072.8424,        403698.7392,        399765.3063,        403072.1596,        393488.0356,        401128.5316,         10562.0753,          6100.6420,         10316.6432,          3955.3889,         11436.5515,          7107.9287,          5500.9871,         13733.8437,          6636.3878,          7460.4440,          4136.4320,        400093.1229,        396004.4902,        399420.4541,        389898.8863,        397474.5657,          9989.6049,          7841.0364,          9371.4231,          8089.1317,         13387.9351,         10328.9898,          9803.6916,         12992.3539,         11909.0926,          7955.2591,        400325.3751,        396241.0016,        399734.0466,        389902.4214,        397484.8400,          5430.2870,          2851.0572,         13347.5325,          8812.9650,           870.5563,         12360.6884,          9820.5106,         11356.0525,          4973.4902,        394525.3457,        390458.9786,        393877.1321,        384278.1248,        391864.1293,          7258.6433,         12588.6440,         11593.2032,          6092.9882,          9649.1185,         12608.2764,         13441.9114,          8031.7434,        393381.5201,        389356.0222,        392784.5018,        383018.6813,        390624.1500,         12688.8058,          8985.8217,          2714.3337,         13362.2562,          9335.4372,         10401.7088,          2432.7214,        396765.1201,        392652.1565,        396099.7813,        386532.1144,        394098.4831,         10753.3231,         13171.0287,          7570.0090,          9569.7685,          7203.2072,         11776.1465,        405428.5534,        401495.3366,        404863.4527,        395042.0344,        402687.1540,          8072.3448,         10837.8940,          2363.1588,          5345.8765,         10127.9445,        399824.9493,        395924.6340,        399200.5404,        389633.8199,        397286.5109,         12373.8173,          9089.0664,         10746.3588,          4984.5249,        394978.3279,        390920.7002,        394327.5626,        384744.8996,        392334.1748,         11278.5748,         10922.7530,         13574.0172,        399140.6214,        395315.5202,        398617.6085,        388716.8242,        396405.2254,          3183.2346,          9954.7050,        402053.2133,        398131.6286,        401424.0640,        391859.2136,        399503.7015,         10282.8234,        404625.3780,        400689.6570,        404005.8566,        394392.4419,        402032.8743,        398493.0561,        394347.3595,        397827.5260,        388236.1219,        395789.6026,         11354.0240,          4401.0339,         13428.0683,          9497.5545,          8770.0911,         15594.1714,         11121.4545,         15608.0711,         11645.8793,          8770.0911,
   10800.000,   8444.5022,          7023.5285,          3525.3808,          5608.9542,          7558.7459,         13577.1582,          4652.6993,         11156.6175,         12679.1221,          8959.9796,         11281.9386,         11348.2463,          7883.1455,          1053.8622,          8767.7210,          6798.8336,          2880.0306,          6713.4317,         13327.4153,        393113.2655,        392475.4678,        393302.4821,        385624.7811,        393170.7029,         11524.3837,          5675.3877,          5467.5716,         12536.0496,          9678.5459,          4636.8530,         11375.1945,         10242.8740,         12914.4943,         13206.6024,         12932.2113,          2205.6581,          8530.4833,         13155.6856,          9074.5261,          6086.0260,          6881.3079,         10231.5600,        391908.7321,        391465.5065,        392136.4369,        384608.9327,        392154.4254,          9524.4374,         11147.4310,          8157.0441,         12843.8253,          8801.7142,         12220.8648,         12744.0038,          8902.9372,         10156.3999,         10659.9331,         11762.4464,          6293.9963,          7537.2638,          4111.0560,          8182.0952,         11656.4226,         13018.8021,        396855.3973,        396082.8389,        397017.1607,        389475.6728,        396921.2173,          2710.7097,          9325.3014,         12504.1516,          2972.7799,         10812.6058,         11777.7724,         10376.3868,         12105.5052,         11947.1798,          4849.4994,          4078.2316,         10616.1647,          8213.1645,          2092.8434,          4687.1792,         12343.3585,        391905.4213,        391370.5186,        392115.2271,        384451.9631,        392024.9902,          9204.3766,         11323.7135,          5070.7146,          9196.8057,         10249.0009,          9949.1740,         11326.4325,         10991.6764,          3701.7310,          6348.2173,         10599.5711,         10207.0005,          4713.5491,          2297.9653,         10919.7265,        393145.1818,        392685.5284,        393370.3247,        385687.4203,        393293.0092,         11763.8825,         10948.4506,          6576.4007,          9664.5970,          1763.1809,          5085.2881,          5317.2897,         11313.3774,          7991.1186,          2167.5779,         10827.8099,          9719.5571,          8098.5197,         10700.3609,        400544.9281,        399917.8204,        400737.0493,        393017.0883,        400585.2735,         12430.2450,          7283.4401,          3187.7481,         10777.7018,          8469.8589,          8120.2776,          9389.5968,         13696.0130,         11125.3293,         12795.7626,         13012.1367,         10496.0754,          1937.6091,        401228.7671,        400811.6069,        401462.1636,        393999.0611,        401527.1837,         12350.0550,         12447.6019,         11893.6087,         13230.6659,         13164.3500,          5086.0492,          4494.8561,         11791.8308,          6309.3761,          1852.8207,          7077.8334,         12721.7723,        390837.5119,        390270.7428,        391040.4819,        383457.2230,        390986.3319,          4232.9724,          5408.9073,          4120.6695,          3321.6373,          9848.8051,         11706.8295,          6745.9713,         13636.0768,         11914.1201,          7266.8751,          5564.4005,        402295.2979,        401849.1168,        402523.8058,        394856.5879,        402461.4589,          8527.8777,          6237.0985,          5673.7006,          9286.0803,         13001.3843,          9270.7713,         13356.1370,         12622.1479,          8865.4305,          1345.2523,        402067.7292,        401655.9797,        402302.6753,        394749.7272,        402317.6651,          3405.5371,          3659.0364,         11675.1708,          9363.2355,          1749.8883,         11610.1678,         10854.3453,          8597.7181,          9584.3518,        401974.7023,        401369.8947,        402171.3615,        394469.1234,        402037.4358,           834.5154,         12111.2099,         11581.8279,          3957.0834,         12604.1700,         12605.0916,          9823.6016,          7173.9490,        403955.2300,        403392.6172,        404160.2934,        396521.4056,        404077.3269,         11748.6571,         11704.2436,          4490.9853,         12912.7600,         12573.6605,          9384.9294,          6699.3562,        403825.2469,        403287.9231,        404035.4225,        396390.2277,        403956.9168,          8231.6059,         12168.0189,          9969.1782,          5971.4436,          4827.6556,          9527.6337,        392874.2911,        392454.6783,        393107.0709,        385522.6221,        393099.7749,          8987.0686,          5865.6657,          2868.5522,          7548.9549,         13570.6030,        392909.5912,        392248.0809,        393093.9151,        385439.7779,        392968.1323,         10624.9974,         10754.2667,          9557.8830,         10168.1026,        401871.7426,        401218.3409,        402058.4853,        394383.8384,        401924.8723,          6431.3650,         11403.5526,         13399.9224,        393505.0404,        392776.4132,        393675.1699,        386188.4216,        393624.7581,          6569.7532,         13066.7483,        391399.4001,        390808.0235,        391597.6407,        383969.4905,        391509.5325,          9734.6302,        395181.5973,        394745.5166,        395411.7461,        387704.2863,        395327.9703,        402033.5240,        401626.0024,        402269.1517,        394754.5085,        402307.6349,         12530.4528,          2538.9694,         13660.8255,          8870.7886,         10022.3145,         17355.4551,          9474.2212,         13815.3479,          7497.8323,         10022.3145,
   14400.000,   8028.4062,          4691.0207,          3694.6248,         10578.6874,          7841.6995,         13602.0410,          4602.0850,         13850.5071,         12600.0228,          9813.8398,         11298.7243,         12832.6516,         11226.3095,          1044.2066,          9108.8256,          2257.1425,          2878.7888,         11506.8948,         12729.6439,        401648.5880,        405181.8014,        401790.4875,        398398.0954,        403596.5793,          7139.7101,          5610.9407,         10172.3462,         12993.3931,         10857.4243,          3831.0886,         10961.0022,         12849.1895,         13490.8026,         13776.0589,         12630.5481,         10071.2773,          7735.8175,         12435.2968,          9725.4274,          5509.3294,          8933.2867,          7974.2034,        397594.6337,        401002.2772,        397664.2262,        394141.3109,        399441.4127,          6419.3705,         12705.6516,          9004.8830,         13337.7610,          4848.9726,         12651.2698,         12953.2936,          9728.1949,         12113.8616,         11099.8867,         12792.8641,          3712.6293,          7731.1707,          5984.5081,          4605.0679,         12721.7222,         10345.6031,        399435.8239,        403049.1856,        399558.4523,        396092.2979,        401396.9439,          9042.6606,         10291.3945,         12600.8026,          2806.1639,         13284.0924,         12751.8123,         11963.3100,         12397.9005,         13728.4282,          9743.4591,          4064.2469,         11493.9249,          5342.3870,          2011.0768,          9508.7383,         11878.8379,        401203.4366,        404629.7161,        401316.1408,        397889.9762,        403090.7770,         10390.2267,          6890.3968,         10619.2799,          9219.3825,          7034.5925,         11098.4991,          8307.9609,         11556.9609,          1589.6687,         11184.1128,         12503.1600,         10195.1145,         10464.3228,          2916.0444,         11194.3218,        394701.9311,        398012.1657,        394845.5092,        391539.1953,        396571.6303,         11748.6947,         11164.1224,         11720.1065,          8236.7324,          2959.7389,          5198.1406,          8699.0358,         10598.9493,          8095.7656,          4562.8773,          5985.3917,         10039.6364,         11903.6624,         13010.0268,        396752.4864,        400384.3065,        396959.4685,        393694.7501,        398785.6018,         12712.0819,          2843.0411,          4766.7285,         10645.2538,          8142.5997,          7314.2506,          5337.2348,         13723.8064,         11475.6760,         13426.9181,         13168.4849,          5225.6164,          6623.9674,        388869.1565,        392261.8301,        388998.3015,        385630.8283,        390756.3434,         12871.8805,         13377.4726,         12340.9793,         13287.6609,         13235.5084,         10959.7316,          4281.6935,         11231.1510,          6649.4993,          1818.2015,         10420.7851,         10509.9524,        400453.0930,        403916.5405,        400548.2428,        397066.6361,        402339.8290,          5544.2698,         10079.8744,          8520.3463,          5350.8743,          7773.3951,         13770.9954,         10354.1931,         13762.0592,         13430.8022,          7604.5534,          4857.5503,        387990.3676,        391458.9565,        388116.9650,        384717.1389,        389902.3859,          6999.2370,          3614.9898,          5895.5598,          6061.3188,         12851.3169,          8837.8494,         11660.2406,         13204.7150,          7339.2963,          9496.1232,        390072.9713,        393554.3214,        390251.3900,        386972.8548,        392030.0312,          4248.4623,          6194.1429,         10879.6172,          9851.8999,          3024.9952,          8342.3259,         11567.0030,         12101.0160,         11724.0392,        394038.5210,        397704.2445,        394244.6955,        390967.6703,        396082.7707,          6600.8757,          7963.0268,         11613.2770,          6891.4921,          9838.6752,         12661.2304,          9544.1492,         11609.9619,        392330.4114,        395883.7147,        392535.9642,        389297.5697,        394334.2413,         10543.1282,         12614.4439,          6080.6357,         12273.1144,         13316.8985,         11078.1503,          7315.2144,        389173.9935,        392804.9010,        389339.5194,        385977.6741,        391173.8845,         11717.8001,         12214.7796,         10903.4435,         10987.3464,          1995.1202,         10043.9176,        393251.5459,        396571.6385,        393390.9016,        390071.5551,        395121.3312,          8828.2105,          2944.3266,          2725.3686,         11906.3150,         12353.4538,        401462.2511,        405015.3679,        401599.4293,        398188.6608,        403413.5885,          8139.3078,         10623.1211,         13045.5878,         10758.9529,        394614.5546,        398323.6589,        394801.8066,        391463.0328,        396659.4733,          5004.9831,         11569.5986,         13380.4093,        401191.8251,        404745.0863,        401356.7009,        398013.7794,        403164.7679,         10760.6374,         11568.9794,        401291.0384,        404773.3784,        401403.1310,        397955.8386,        403197.7549,          9178.1237,        393137.2373,        396430.0964,        393255.1662,        389893.0151,        394980.6706,        390033.5648,        393524.5909,        390121.2324,        386617.3859,        391923.3258,         13225.5296,          4235.0064,         13559.5640,          6945.1292,         11990.5099,         18144.6266,          7567.5793,          9835.3557,          4543.5288,         11990.5099,
   18000.000,   7199.1038,          2052.8009,          2583.8800,         12038.3702,          7670.1737,         13813.6422,          4482.2100,         10439.1897,         12111.4838,          9116.9905,         11306.6085,         10269.0742,         13090.4195,           651.6108,          6318.0558,          9239.6265,          2778.9236,         10132.9043,          8970.3198,        386947.7912,        394356.2886,        387589.6708,        388213.2023,        387234.6210,          7061.1498,          5496.5402,          9180.3851,         11740.7293,         11923.8825,          3284.5481,          4824.0781,         12694.5233,         11309.1571,         13650.2033,          8514.1031,          9590.2353,          6640.7776,          9156.0665,         12918.6828,          4878.6184,          5314.0495,          5268.6070,        393927.4308,        401320.7223,        394590.4274,        395245.2548,        394219.5570,          1856.5322,         10807.2769,          8803.6307,         13350.3815,          4091.4231,         10619.0631,         12524.2756,         10340.2950,         11575.7208,         11269.9488,         12570.5510,          2174.6683,          7940.0473,          8593.2871,          2596.3108,          9084.5454,          9774.8692,        387548.0998,        395013.0867,        388212.2547,        388812.6468,        387847.3427,         10679.0374,          9684.8248,         13512.8400,          2333.3248,          9496.6822,         13012.4531,         10744.4437,         12534.7106,         10768.5702,         12292.2024,          2187.3647,          8082.0100,         10068.7519,           855.3324,          8237.6086,          8730.9585,        388783.2005,        396231.8106,        389461.0844,        390088.7253,        389084.9951,         13634.9976,          6307.7902,         10003.7075,          8959.4486,         11135.9039,         13562.6070,         11687.0241,         12120.3025,          4867.1382,         11921.8413,         13596.3650,         10163.8213,         10820.6652,          4410.3998,         11208.2906,        396666.4792,        404210.8424,        397283.8774,        397765.1170,        396960.4323,         11718.3461,         10740.2334,         11886.9128,          6772.3670,          3109.2487,          5559.6205,          8144.3283,         12579.0038,          8021.9951,          3968.5050,          7650.7936,          9698.8426,         13527.7534,          9892.6085,        386455.4159,        393748.0766,        386940.0595,        387492.1622,        386683.5606,         13072.8617,          9489.7447,          6448.4234,         10815.2509,          8057.9174,          9893.1461,          3325.1620,         13813.8510,         12460.6499,          9922.3007,         13517.5501,          9057.4668,         10994.8123,        396748.9934,        404171.1904,        397239.7788,        397686.9128,        396992.8129,          7721.8735,         13164.4093,         11173.6828,         13282.4832,          9985.6130,         11335.1819,          3921.5603,          8560.6831,         11448.9389,          1776.8392,          6793.9346,          7332.3164,        390911.3590,        398342.6180,        391594.2194,        392240.2591,        391213.0506,         10537.3375,         10317.8416,         12637.9425,          5764.0316,          6907.6981,         10009.4473,          9460.2298,         13845.7406,          8922.4188,          6240.5537,          3325.1527,        396905.0339,        404224.7323,        397490.9629,        398123.4560,        397166.8825,          5420.9521,          3494.8552,          7217.0467,          8307.7166,         12260.5085,          8364.3270,          8768.6085,         12948.1557,         12418.0658,          9992.7199,        392121.4848,        399418.3745,        392547.8924,        393031.4610,        392333.1395,          5961.2140,          5590.7524,         11461.4743,          9271.3965,          3584.5708,          9690.9640,         10538.8063,         13242.6091,          8172.0895,        388836.0002,        396069.1918,        389294.1523,        389865.5040,        389050.4376,          9605.4757,         10221.2890,         11627.5185,          8565.3821,          6059.9858,         12678.7355,         13311.8376,         11905.3660,        389226.2872,        396577.3924,        389665.5631,        390119.6098,        389447.0552,          9065.6532,         10062.0251,          5845.9855,         12827.9017,         10241.4048,         10750.2898,          3719.9832,        393684.5639,        400897.3158,        394177.5462,        394800.3066,        393907.6827,         12938.5271,         12302.0505,         11405.6288,         12168.1832,          6472.1072,          9156.7982,        398146.9672,        405568.0943,        398685.0787,        399183.1448,        398404.8539,          6376.9601,          9692.0322,          2232.5561,          9799.4298,          8557.8748,        387417.2301,        394821.5383,        388064.3554,        388696.5977,        387705.2440,         10297.3398,          7762.5385,         12260.3495,          6799.8660,        388029.7259,        395282.0080,        388552.0503,        389176.4042,        388265.1674,         10594.4992,         11938.3434,         13567.7150,        387265.8123,        394770.5098,        387808.8923,        388248.0673,        387532.9252,          8130.7729,          8047.4510,        389197.4989,        396626.3063,        389871.9221,        390511.9338,        389496.2910,          8588.7532,        396494.4647,        403990.7331,        397155.7418,        397723.2558,        396796.6339,        394349.9860,        401610.6064,        394915.9211,        395576.5620,        394599.7543,         13548.8843,          8023.2024,         13137.3659,          3222.8117,         11344.4809,         17994.4699,         11436.6783,          7878.5750,          5011.0852,         11344.4809,
   21600.000,   7707.0478,          6682.2675,          2436.8768,          7865.6884,          7411.2139,         13768.8531,          4517.4166,          6810.6087,         10601.7933,          8239.6084,         11302.7068,          8637.4156,          9833.7495,           708.3780,          5465.2751,         10932.5972,          2821.7173,          5807.8194,         10131.7806,        389877.7475,        400172.6781,        393318.6910,        394504.2473,        390157.5173,         10682.3954,          5563.2769,          3482.7930,         11338.7948,         10799.6277,          4232.1660,          6084.0496,         11106.9495,         10823.6303,         13086.2809,          9329.7075,          4188.8683,          7615.6159,         10868.3791,         12187.7388,          5523.5228,          2394.3373,          8463.0612,        384188.6674,        394551.1537,        387744.9756,        388922.3104,        384488.6064,          7885.0143,          8795.2267,          9893.8658,         12463.3276,          7788.6590,         11679.3628,         12158.7383,         11100.1536,         10982.7155,         12178.9128,         12454.0334,          6237.7288,          8135.7122,          5310.0336,          7237.2786,         10115.7675,         13167.6581,        390112.1653,        400274.3002,        393506.2375,        394862.2117,        390435.5469,          6105.7820,          8706.8176,         13352.8124,          2556.1605,          5890.2670,         10972.0326,          9050.8822,         12235.7213,          8718.1375,          8256.9223,          2403.7628,          7227.1684,         11582.6479,          1182.3789,          3609.4256,          9619.8863,        387763.5727,        398084.5448,        391229.7425,        392395.9513,        388042.2352,         12521.1238,         11025.8507,          3752.6073,          8816.6700,         12693.8703,         12444.3645,         13810.6931,         11541.2360,          6844.5296,          7482.0367,         11599.4756,         10156.6660,          5391.8128,          4815.8451,         10930.1233,        383277.8972,        393564.6810,        386779.5159,        388031.9385,        383590.1069,         11699.2918,         10545.6756,          6928.3971,          4987.6786,          1945.4756,          5434.8625,          4440.5941,         10471.1717,          7939.8409,          2463.9105,         11750.5349,          9434.7929,          9820.1879,          6982.6897,        395504.6436,        405848.5573,        399045.4041,        400235.2942,        395806.1672,         12792.3307,         11374.4992,          8117.9610,         10923.8543,          8334.4427,         10293.6873,          8204.2804,         13779.5912,         12649.9498,          9458.2313,         13333.4878,         11816.3248,          8603.9994,        389017.8051,        399321.0620,        392677.8972,        394030.2190,        389393.5462,          7180.3155,         12049.3014,         10761.0638,         13224.3542,         10185.7905,          7784.0495,          4154.8974,          9192.4767,         10924.8319,          1753.6597,          3337.9168,         10465.5389,        385569.3758,        395870.1661,        389035.5534,        390234.9304,        385858.1684,          7215.3851,          5941.8533,         10014.5740,          4070.6992,          5339.2859,          7272.3572,          7253.7285,         13705.5070,          6850.2612,          4531.5596,          4477.4942,        389567.3000,        399989.8598,        393156.1474,        394262.3208,        389852.1065,          3576.2419,          3689.7474,          3641.7537,          8521.1774,         11014.8470,          7075.0542,         12036.6437,         11601.8174,         10448.2567,          4105.0520,        394347.7684,        404728.4273,        397984.4663,        399195.2697,        394675.0476,          5293.5699,          2670.0675,          9346.0652,          8786.0995,          4145.3345,         12510.6312,          9861.5799,          9445.8752,          5249.0401,        394942.3939,        405320.4494,        398523.2081,        399692.1697,        395245.4402,          6763.3522,         11101.8189,         11608.9909,          7091.1301,         10188.5074,         12643.4437,         12479.1603,          7614.4692,        396071.5501,        406381.5978,        399667.3412,        400955.6659,        396414.8087,          7302.6697,          9170.7290,          6094.5007,         13396.3351,          9600.7202,          8131.0422,          2878.3393,        393035.6674,        403453.1008,        396653.2461,        397790.3456,        393336.1015,          9957.5184,         10935.5595,         12754.1599,          8575.2987,          5158.8307,          5344.5048,        385975.8424,        396382.8327,        389614.1291,        390787.4641,        386291.1997,          5963.9559,         10592.2450,          2477.8299,          5849.9830,         10547.8996,        389427.1090,        399709.9321,        392859.2869,        394056.8647,        389708.8230,         10965.2007,          7853.2543,          9164.4661,          8508.4553,        394673.8228,        404984.7763,        398164.2201,        399364.6336,        394968.4447,         10985.7856,         12482.0821,         13580.4858,        389868.8474,        400001.7201,        393321.9487,        394772.1830,        390233.4460,          3971.2274,         10359.7970,        387103.9039,        397403.1229,        390555.7111,        391744.7437,        387386.7230,          7957.5485,        385873.8709,        396243.6421,        389409.2934,        390556.7847,        386160.4753,        391154.8915,        401589.1542,        394816.1563,        395962.8465,        391466.9920,         13556.4581,          9372.3991,         12324.4597,          3134.1057,          9488.8271,         16897.3762,         14596.4917,         10149.8728,          8936.1116,          9488.8271,
   25200.000,   8436.3853,          7452.5956,          3584.9444,          5914.9815,          7638.9444,         13560.1231,          4613.1837,         11505.8369,          9631.8704,          9062.8319,         11321.2468,         11674.2755,         10776.1181,          1083.3847,          7682.0482,          6026.6681,          2953.5787,          9675.8594,         13504.1526,        393718.1522,        405116.5850,        399623.2273,        401026.9090,        394512.5522,          8433.1653,          5676.8755,          6078.2225,         12658.0170,          9753.7376,          4612.1823,         11529.9255,         12615.0893,         13108.5489,         13255.4580,         13146.5862,         10080.7129,          8504.0881,         12895.0640,          8812.0912,          5996.7753,          7754.2029,         10205.0644,        394617.8900,        406038.2665,        400409.5625,        401792.9407,        395397.7614,          8486.5709,         10729.8299,         11279.6757,         12242.3575,          6324.5338,         13621.8102,         12286.8832,         11842.4442,         12701.2909,         12848.7182,         13248.3487,          6557.5497,          8334.9682,          1854.1497,          6720.4407,         12777.4755,         12630.3540,        392913.0255,        404428.2431,        398867.7848,        400078.3686,        393618.6354,          3262.1478,          9451.2338,         12454.4494,          2987.5085,         11099.7130,         10589.9218,         10575.0286,         12122.7126,         12302.3852,          9838.1504,          4162.7390,         10325.5123,          7638.5746,          2177.2265,          7733.0672,         12495.4744,        394828.2715,        406207.4202,        400669.0165,        402112.1706,        395638.4115,          8987.2851,         11072.3482,          5756.4422,          8970.4643,          9388.9217,          9820.9517,         10906.8795,         10992.4685,          7427.5407,          6732.6718,         11157.3265,         10141.0628,          5335.0212,          4866.2587,         10952.3852,        393080.8850,        404422.3812,        398869.2759,        400378.5867,        393920.0452,         11679.6381,         10997.3516,          7003.7677,          3055.9746,          1786.2072,          5077.4063,          5694.7130,          7588.8417,          8058.9417,          4785.0664,         10450.9125,          9856.5941,          9054.5745,         11117.2969,        386300.7776,        397672.8511,        392201.2128,        393648.4928,        387116.0112,         12468.5679,          6666.8175,          9493.1529,         10719.1804,          8320.7002,          7750.8764,          6536.1736,         13693.9602,         12391.2588,         13126.2819,         12998.2032,          7700.5127,          1014.7127,        385119.4889,        396551.1801,        390887.0797,        392256.7351,        385892.4612,         12554.5686,         12066.3357,         11978.9876,         13238.3513,         13370.4893,         11399.6239,          4453.8751,         10626.1665,          5770.5109,          1735.9045,          9467.4598,         12728.6792,        395729.1957,        407154.5495,        401593.9207,        402960.6746,        396504.3179,          4297.5778,          5945.1708,          4049.5985,          3690.4009,          1939.5734,         12033.9378,         10072.1182,         13617.9373,         12211.2602,          5301.5109,          5784.7014,        384176.7955,        395527.2614,        389956.9011,        391455.6128,        385011.1879,          1668.9684,          2336.4126,          2868.5026,          5410.5470,         10069.4599,          6512.8685,         11874.2924,         11260.2019,          7816.2604,          8776.1949,        384390.7943,        395759.2105,        390250.7261,        391710.6910,        385210.3714,          3390.4598,          4048.1910,          6929.0427,          9429.0022,          5218.9350,         11258.6507,         11018.2602,          9005.0567,         10077.9517,        384749.4740,        396127.0694,        390640.6896,        392081.4233,        385561.3211,           701.0341,          5674.9740,         11626.5937,          7235.3608,         12598.6617,         12662.7498,          8609.2998,          7552.1661,        382727.3854,        394117.0216,        388585.1061,        390012.7762,        383531.7493,          5387.7893,         11977.7488,          7756.4316,         12834.8276,         12875.8255,          8425.5835,          6955.7829,        382540.7956,        393931.6246,        388388.5752,        389815.8074,        383344.5337,         11374.5935,         10691.8299,         13230.9447,         11153.8656,          3382.1009,          5801.5823,        385875.1530,        397216.7232,        391635.8602,        393150.2640,        386715.9880,          7433.9262,          5038.7153,          2935.6915,         10370.4572,         13693.6476,        393880.7838,        405296.7704,        399801.5884,        401175.2759,        394661.7195,          7589.3210,          9693.3504,         11941.2924,         12121.3705,        386960.2246,        398409.9912,        392935.5691,        394248.9022,        387715.5181,          5732.9679,         12689.6483,         13402.0687,        393369.6938,        404866.8315,        399333.4804,        400571.7995,        394088.7325,          9401.0258,         13134.2446,        395308.0235,        406719.6327,        401185.5756,        402572.4286,        396093.1974,          7330.6103,        389083.6567,        400414.0213,        394821.9429,        396355.4587,        389932.3157,        384549.4921,        395969.4398,        390315.7028,        391704.7664,        385331.5851,         13216.4930,          9814.5267,         11008.6855,          5066.5263,          8586.7979,         14805.4703,         15841.8527,         11350.4939,         12794.8157,          8586.7979,
   28800.000,   7896.7628,          5020.3055,          3598.1221,         10965.6512,          7887.6890,         13629.2852,          4544.1276,         13798.2427,          8970.9008,          9786.8931,         11322.4747,         12747.6619,         13315.9552,          1021.3629,          6590.7059,          3030.5747,          2934.5387,         12409.1957,         12401.5716,        382797.6338,        393206.8282,        389414.4004,        390675.5877,        383235.5173,          3130.2238,          5600.0933,         10342.9469,         12929.7139,         11133.7393,          3728.3137,         10677.0200,         13017.6989,         13341.7648,         13805.7561,         12324.3208,         11938.2209,          7545.1886,         10159.8588,         10062.4314,          5313.4008,          7989.1524,          7599.0134,        387198.3458,        397506.8565,        393827.6789,        395128.3564,        387639.8995,          3140.7272,         10694.1844,         11307.8045,         12462.9759,           609.8186,         12225.3858,         11764.0109,         12268.0411,         13250.3404,         12740.8151,         12816.3001,          4643.2383,          8540.4653,          7571.8626,          2251.0316,          9933.2456,          9588.7733,        384770.9692,        395106.7093,        391390.2909,        392688.8937,        385217.9095,          9457.9385,         10310.4516,         12733.9763,          2760.4799,         13186.1490,         11153.4388,         11935.7274,         12427.5981,         13628.5355,         13427.2944,          3914.0114,          9187.2625,          5595.3240,          1963.4443,         10466.6995,         11619.4013,        383321.6912,        393701.7674,        389981.3411,        391207.3224,        383727.0312,         10764.8825,          6432.0509,         10850.1569,          8967.7735,         10801.6817,         11434.2567,          8401.0759,         11639.7041,          9274.7096,         11506.6349,         13300.7819,         10112.6423,         10789.6619,          5854.9878,         11209.5949,        390264.0465,        400725.5325,        397030.9509,        398078.8748,        390559.3630,         11646.1863,         11147.6932,         11952.0800,          1816.2480,          2994.7927,          5220.2942,          8838.5965,          9885.5445,          8147.2654,          6192.4975,          5702.1961,         10111.5258,         13151.0826,         12931.5166,        387539.8629,        398045.7857,        394150.9566,        395360.8457,        387963.5415,         12829.1092,          3106.6530,         10676.4099,         10595.7009,          7976.6659,          7411.2253,          4140.0965,         13742.7892,         12927.6973,         13168.4149,         13235.1582,          4422.5386,          7365.7392,        395620.9505,        406051.6349,        402321.8939,        403467.1262,        395977.7743,         12651.5694,         11691.1872,         12237.7011,         13289.4788,         13006.6695,         13139.7739,          4183.1591,          8448.7481,          7185.2595,          1695.9417,         10379.6958,         10111.2069,        384243.3867,        394584.0825,        390862.6180,        392158.7388,        384689.8144,         10735.3776,         10367.1752,          8969.7877,          5594.2232,          2948.2078,         13683.2471,         11917.4512,         13748.7823,         13244.9267,          5506.1403,          4984.5833,        396415.4282,        406813.5578,        403063.3285,        404290.9689,        396823.6770,          1243.2235,          4297.2582,          7200.0259,          8453.0604,          9101.1897,          6148.8888,          7136.5822,         10872.3470,         12623.6793,         11971.4434,        389278.1481,        399778.0621,        395879.4098,        397104.1865,        389710.7790,          4530.7544,          6323.3904,          7941.4596,          9813.7338,          6131.6120,          8188.0363,         11536.8284,         12784.8388,         11621.6826,        390236.8323,        400731.3793,        396822.9367,        398068.5625,        390683.0753,          7098.8768,          6619.4838,         11642.9806,          9772.0465,          9348.4917,         12710.6811,         10828.2523,         11881.2153,        391869.0537,        402392.0425,        398534.2992,        399668.8595,        392241.5500,          3424.0400,         12495.6355,          8517.3612,         12313.5742,         13137.5500,         10106.0681,          7134.7736,        395148.3112,        405577.5733,        401722.2717,        403020.2165,        395615.2839,         13244.9296,         10654.4907,         12763.0901,         13393.4793,          7582.6316,          6739.7015,        395998.6054,        406435.0563,        402631.9026,        403855.2467,        396413.1111,          6008.5561,          3817.3778,          2716.4946,         12494.7305,         11970.5455,        383027.7211,        393423.6162,        389627.3158,        390916.4512,        383482.5697,          6954.6293,          7874.9351,         13289.6123,         10440.1911,        387026.9626,        397435.5063,        393553.9843,        394920.3746,        387540.2166,          5679.3218,         12746.6519,         13414.7896,        383309.1246,        393769.9214,        389948.6608,        391152.7385,        383718.1828,         11159.9053,         11138.6866,        383349.7470,        393714.7411,        389971.8690,        391251.3694,        383790.1232,          6666.9713,        393270.5453,        403648.2746,        399984.4580,        401143.7465,        393625.3609,        394258.1164,        404584.3699,        400849.4693,        402184.9964,        394727.5806,         12410.1441,          9942.3956,          9119.1041,          6890.2688,          8770.2661,         11644.8684,         15607.8039,         11121.1767,         15594.8199,          8770.2661,
   32400.000,   7144.1834,          6765.7360,          2438.4771,         11839.6967,          7669.2161,         13827.3774,          4428.1468,         10074.1005,          6944.8055,          8946.7454,         11328.1576,          9946.5277,         10164.4392,           622.7382,          2617.3936,          9735.7132,          2837.9424,          9234.3407,          8750.4607,        396513.1141,        403637.9485,        402460.9363,        403128.7749,        395565.7945,          8112.5051,          5486.5773,          8775.8244,         11619.6191,         11973.6728,          3334.4502,          4324.0710,         10483.6212,         11075.9431,         13599.1777,          8238.5220,          7550.0473,          6603.0540,          8011.7488,         13046.2493,          4789.1990,          2765.5699,          5378.7462,        389562.7585,        396708.9513,        395542.9724,        396175.3226,        388590.4879,          5543.2087,          7214.5246,         11397.6820,         11588.5861,          6152.0399,         10828.1231,         11257.3943,         12637.5578,         11954.1511,         12948.0998,         12523.3130,          6732.6720,          8730.8880,          7775.2402,          6024.0805,          8541.1990,         11650.9701,        393342.8211,        400489.9525,        399183.3251,        399985.6472,        392520.2369,         10494.6617,          9567.4361,         13592.2140,          2303.1133,          9078.4523,          8775.7424,         10465.4206,         12519.4370,         10383.7118,         10292.8765,          1967.8149,          4739.1007,         10460.6645,           812.8439,          7596.1992,          8555.4972,        394692.2273,        401849.4941,        400638.5308,        401314.2721,        393758.7366,         13752.8342,          6905.7315,          9608.9425,          8690.8434,         13537.5437,         13651.7718,         12074.2924,         12115.1403,         11106.2831,         11656.0474,         12826.5432,         10104.3810,         10459.0796,          6865.3071,         11178.8439,        386846.6702,        393930.3047,        392658.5908,        393483.7674,        386034.6004,         11632.1492,         10690.9770,         11745.4761,          1601.6696,          2988.6934,          5573.8478,          7868.9841,          8718.1491,          8048.1444,          5556.5696,          8229.4398,          9720.2134,         12618.5571,          9441.0163,        397426.5112,        404391.7020,        403339.6941,        404018.7129,        396458.8705,         13127.4944,          9809.1841,         11769.6161,         10810.3854,          7954.9107,         10046.9299,          9299.1997,         13823.0285,         13500.4280,          9503.7258,         13538.1332,         10262.7351,         11068.9235,        387340.0457,        394277.6831,        393138.4093,        393951.5160,        386489.8290,          7329.3890,          9718.2664,         11002.4339,         13274.1915,          9747.2260,          9414.1246,          3860.3755,          6141.4145,         11666.6062,          1656.2634,          5598.0752,          7384.4952,        392533.4076,        399699.4397,        398495.6146,        399153.5942,        391586.6101,         10619.3917,         10227.4627,         12713.8242,          5870.5643,          4693.1529,          9662.8867,          9985.2858,         13817.3097,          8456.2443,          3217.5989,          3590.0993,        387005.6148,        394080.5884,        392985.7892,        393604.7117,        386008.8230,          2425.3445,          6649.6964,          6683.5618,          7595.6064,          7239.0287,          4613.0508,          9181.9684,          8817.5701,         11636.1433,          8072.2226,        396708.7039,        403691.3225,        402648.8475,        403298.4290,        395718.4709,          6066.0268,          5382.2488,          6404.4594,          9147.8746,          6695.4905,         10089.8895,         10391.0707,         11803.3489,          7654.8189,        395247.1970,        402191.1140,        401188.9979,        401828.7027,        394241.6125,          9588.6295,          9921.6265,         11650.2692,         10028.5567,          6195.0624,         12716.7342,         13488.5395,         11644.4749,        394939.3639,        401840.5550,        400760.2423,        401538.5783,        394048.9239,          1371.9245,          9799.4300,          8374.3187,         12936.4834,          9935.7554,          8456.0331,          3267.5696,        390551.7201,        397532.9601,        396542.2014,        397129.8382,        389508.5920,          9965.1875,          8900.4481,         12941.4383,          9811.5110,          7410.7281,          2825.5815,        389395.0147,        396386.6527,        395377.3039,        395977.1284,        388364.9640,          2892.7769,         10115.6620,          2270.4093,          8770.1409,          8416.4739,        396041.8636,        403173.5379,        401996.1721,        402657.3779,        395090.1367,          9850.7824,          4843.2546,          9979.9012,          7861.2033,        396946.9825,        404026.2482,        402909.7515,        403550.6654,        395967.0426,         10969.9843,         13098.5316,         13600.3096,        396098.7995,        403096.4576,        401867.5611,        402728.2079,        395298.9102,          7039.4893,          7935.5308,        394143.4777,        401301.3115,        400101.5195,        400763.0505,        393197.6968,          5978.9582,        387279.4172,        394405.8588,        393231.0530,        393894.6829,        386331.8555,        389780.7215,        396829.8988,        395792.0067,        396367.6539,        388739.8939,         10958.0200,          9898.0767,          6915.6425,          8269.7805,         10022.7354,          7496.7142,         13814.6109,          9473.5534,         17355.8246,         10022.7354,
   36000.000,   7774.7218,          9466.1168,          2504.2020,          7286.4469,          7459.6272,         13743.3373,          4485.1734,          6921.7000,          5028.5194,          8214.4787,         11343.0020,          8816.1437,          8575.0496,           763.8804,          4985.2036,         10696.5811,          2904.2400,          7400.1407,         10530.6671,        395279.2106,        396117.9213,        399231.3903,        397803.9630,        392507.6468,          9646.9199,          5579.4856,          3037.7535,         11420.9339,         10666.7452,          4324.6787,          6469.2540,         10458.2526,         10987.9838,         13054.6590,          9740.5478,         10123.2765,          7725.2820,         11265.8132,         11853.4039,          5527.3352,          4634.0083,          8796.9961,        400635.9163,        401592.5702,        404614.8427,        403239.4545,        397903.1343,          9606.1492,          7373.7310,         12566.9043,         10500.6670,          8142.6235,         12777.6414,         11330.0547,         13131.0404,         12329.3646,         13551.9206,         13122.0588,          8913.0468,          8933.6350,          3319.2930,          8599.4335,         12140.1467,         13512.3253,        398197.5960,        399062.9659,        402346.3790,        400800.7634,        395261.1848,          5446.3190,          8700.4328,         13275.3306,          2611.4902,          5965.5536,          6696.1992,          9004.7007,         12210.3494,          8893.7498,          8925.0011,          2581.5002,          7205.8934,         11377.6435,          1380.5755,          5822.1645,          9939.3457,        397316.3102,        398182.6918,        401257.3231,        399854.0887,        394569.4054,         12186.1843,         11355.0217,          3083.9463,          8573.7538,         10776.7402,         12150.0899,         13733.4718,         11455.2980,         11590.5540,          6942.4173,         10479.3189,         10081.3940,          4655.3355,          7125.2137,         10927.1382,        401242.9553,        402150.7438,        405257.3428,        403828.9347,        398450.9243,         11607.6459,         10573.7914,          6701.5139,          2678.9792,          1731.8101,          5404.1837,          4165.2594,          3230.0677,          8002.0631,          5981.4722,         11918.5193,          9539.0596,          8390.5573,          7147.4444,        389271.9926,        390206.9407,        393248.5093,        391860.8070,        386533.3491,         12779.4035,         11176.3663,         12573.3749,         10874.9349,          8228.4155,         10048.5843,          9952.5984,         13770.9461,         13170.8707,          9870.4681,         13285.5556,         10597.2562,          7956.2152,        395288.8385,        396369.2101,        399438.1264,        398018.8899,        392471.1985,          7476.4378,          8715.3572,         10799.1117,         13225.3083,         10485.4678,         10538.2792,          4146.8964,          8483.3659,         10508.4480,          1636.5447,          6634.9381,         10850.2386,        399419.5006,        400288.5864,        403393.9755,        401969.7283,        396643.0130,          6606.9424,          5804.0264,          9694.5867,          4198.6249,          4864.4968,          7470.3270,          9558.3826,         13666.9924,          7108.6505,          2102.4275,          4834.5372,        394978.7498,        395957.6857,        398896.0767,        397575.2889,        392316.0159,          3995.9197,          7423.1781,          5773.6439,          5084.4336,          5566.5451,          3960.8965,         11130.6490,          7459.7878,          8106.4823,          8531.2942,        390748.9473,        391635.1499,        394715.4879,        393305.9183,        387992.0328,          5162.6601,          2540.9113,          1593.5760,          8786.1814,          7444.2892,         12599.9358,          9935.2161,          7527.0703,          5608.7502,        389677.2026,        390647.0139,        393646.0761,        392284.2254,        386964.5263,          6234.0809,          5384.9059,         11653.5019,          8852.8638,         10689.8264,         12696.0941,         10715.1198,          7194.8619,        388459.2338,        389465.4277,        392537.5911,        391122.3793,        385667.5807,          1063.5558,          9391.5522,          9203.5609,         13409.7830,          9905.3110,          5793.5672,          3335.2341,        391286.4054,        392294.6734,        395240.7983,        393911.6908,        388607.4504,          9132.8510,          8436.9716,         12784.3222,          9875.3883,          6455.4806,          4028.3844,        390692.2411,        391688.3055,        394660.4872,        393314.6702,        387994.2131,          5007.5492,         10269.5407,          2592.8830,          7791.0601,         10977.5338,        395716.9252,        396547.8784,        399679.4496,        398240.4181,        392931.5570,          8555.5037,          7267.3161,         10479.3445,         11374.8625,        391508.4561,        392336.7311,        395531.2933,        394049.1061,        388668.2985,         10623.0865,         13407.4648,         13582.6527,        395374.8592,        396251.6506,        399561.6814,        397996.5290,        392411.0939,          6732.0247,         10770.1943,        398068.4822,        398922.0239,        402029.6468,        400605.1466,        395295.9771,          5294.2397,        396941.9682,        397930.3730,        400872.8828,        399548.6214,        394271.4411,        393304.4561,        394365.8903,        397284.4359,        395969.4502,        390630.8068,          8537.4486,          9635.7880,          6527.0893,          9160.9718,         11990.8945,          4543.4920,          9834.0642,          7567.5645,         18144.7210,         11990.8945,
   39600.000,   8409.5311,          8669.0356,          3627.4449,          6340.0055,          7712.8856,         13553.6016,          4567.6352,         11814.0720,          4977.3628,          9160.9372,         11338.2432,         11966.1396,         11825.5797,          1105.6499,          6893.4206,          5200.6268,          3023.9615,         11906.1134,         13618.5422,        393083.0692,        388117.3415,        395065.3848,        388152.6141,        388431.0934,          4249.8041,          5677.6036,          6645.2581,         12766.8304,          9906.2714,          4574.8980,         11646.2269,         11534.9192,         13273.3278,         13316.4167,         13305.2499,         13347.6003,          8451.2974,         11397.2993,          8573.1570,          5888.8004,          8713.0252,         10129.3423,        392423.5060,        387392.8627,        394320.3163,        387321.2165,        387772.5780,          7542.0737,          9615.2030,         13019.7169,         10553.8958,          5081.9496,         13035.6808,         10726.5090,         13395.5293,         13606.3944,         13462.7070,         12471.7376,          8180.7856,          9134.6206,          6213.2241,          6423.2794,         10911.2060,         10661.8223,        392962.5972,        387950.0169,        394784.4969,        387879.8895,        388401.0307,          3899.0956,          9573.7583,         12445.1333,          2993.6157,         11351.8710,          8043.4329,         10767.5492,         12136.3175,         12621.1412,         12973.3820,          4220.0349,          9538.0383,          7026.6888,          2249.1276,         10203.1841,         12599.4839,        392001.6175,        387007.5375,        393988.5973,        387008.3346,        387312.2729,          8865.9786,         10767.9268,          6425.3147,          8721.8953,          9326.4382,          9778.1215,         10498.8437,         11007.8267,         12291.2310,          7202.2866,         11517.6101,         10064.2305,          6004.0040,          7492.8898,         10961.2078,        394340.5523,        389329.8919,        396373.9784,        389322.2700,        389588.0273,         11577.4071,         11038.1716,          7430.7130,          4622.0044,          1841.0398,          5045.3565,          6080.7875,          6812.8978,          8118.7917,          7839.3290,         10047.0663,          9985.1066,         10382.9533,         11498.9641,        400552.6508,        395592.6163,        402574.3088,        395645.5690,        395868.3969,         12542.6472,          6012.3858,         13082.3704,         10635.1681,          8162.6905,          7359.5603,          8003.0214,         13699.4241,         12982.9579,         13407.8984,         13012.6908,          4328.3029,           355.1608,        402204.8779,        397161.4813,        404090.5029,        397069.5368,        397544.8004,         12717.2249,          8569.1114,         12048.8901,         13238.9652,         13532.5380,         13231.0034,          4401.7590,          8725.6235,          5258.1160,          1614.7004,         11204.5762,         12680.3434,        391207.0813,        386212.3597,        393129.7104,        386194.2005,        386575.9857,         10727.4856,          6471.1614,          4103.0300,          4050.4826,          6830.0960,         12316.2284,         12403.0299,         13583.5077,         12458.0776,          4436.8702,          5997.7980,        402940.3305,        397923.1491,        404942.4690,        397897.9419,        398205.1414,          5822.3929,          8571.2806,          9250.1382,          8476.0475,          4817.1065,          4042.0942,          6086.1279,          7428.0600,         12412.7121,         13018.7698,        397335.3846,        392389.2690,        399299.5515,        392443.6923,        392721.2821,          3389.6827,          4425.3679,          5314.7270,          9487.1613,          8338.8187,         10899.3848,         11167.9222,          9895.7176,         10514.7791,        402165.5857,        397200.1001,        404172.0554,        397241.8760,        397488.1296,          1180.9103,          3821.4802,         11647.8041,         10169.7965,         12535.2997,         12706.5788,          8036.0354,          7998.7857,        404107.0560,        399119.5906,        406091.0760,        399127.2143,        399423.3183,          3243.2089,         12214.6876,         10428.6827,         12780.8010,         13128.0132,          7775.0051,          7162.9419,        404587.4157,        399594.3922,        406551.5349,        399589.3379,        399915.0460,         11778.2803,          8472.5403,         11355.6806,         12921.0613,          9570.1515,          7742.1025,        404309.3225,        399327.5287,        406214.0279,        399319.8508,        399704.4661,          6135.3341,          4164.7884,          2991.4558,         12375.6978,         13750.0091,        392952.4993,        387989.7890,        394912.7726,        388022.6407,        388324.2393,          4258.6945,          8152.4032,         13485.2867,         12879.4896,        397194.0448,        392246.9865,        399069.0096,        392274.7165,        392660.0207,          5033.8439,         13367.6573,         13408.0801,        393373.8492,        388411.2231,        395241.8068,        388417.7164,        388829.4797,         11450.1806,         13131.2749,        391532.8129,        386548.2122,        393481.1109,        386550.1718,        386890.1984,          4579.2683,        400207.2308,        395163.7182,        402176.8921,        395095.5457,        395471.2527,        402456.3962,        397414.6321,        404339.4338,        397324.0519,        397800.5294,          5947.5296,          9033.1721,          9453.3214,          9623.0161,         11343.9763,          5011.6385,          7879.1607,         11437.8267,         17994.2898,         11343.9763,
   43200.000,   7760.7113,          8007.8024,          3490.5155,         11313.4634,          7924.2401,         13652.5855,          4482.5829,         13725.5777,          3581.5534,          9738.0739,         11353.9127,         12623.1718,          9443.2478,           991.1846,          4097.6555,          3873.8768,          2984.9286,         12442.8722,         12049.0326,        407419.3860,        400580.5818,        407590.2165,        397671.3833,        401743.2713,          4267.4716,          5579.3684,         10464.2277,         12848.9828,         11377.7618,          3631.2602,         10369.5547,          8767.4696,         13163.2699,         13826.1351,         11988.8043,          9760.1747,          7355.6432,          7179.5472,         10434.1556,          5118.8217,          7068.2384,          7230.9822,        402995.1551,        396146.9228,        403236.8360,        393319.8800,        397261.6893,          4965.6251,          7221.7756,         12569.2185,         10127.7886,          5238.0938,         10481.8728,         10081.4653,         13420.7325,         12706.6200,         13036.2147,         11998.5761,          8134.3463,          9318.3955,          9448.5175,          5975.5661,          7470.6760,          9369.7620,        403362.0775,        396487.7504,        403525.7278,        393720.6780,        397709.9331,          9836.2864,         10313.1746,         12856.7619,          2700.7050,         13066.7110,          6503.5501,         11875.5578,         12458.7298,         13486.6386,         10929.1841,          3746.2037,          6075.7812,          5996.7123,          1907.5095,         10899.1978,         11339.5745,        406903.8335,        400048.1039,        407075.4112,        397207.8750,        401234.5497,         11145.0846,          6010.2722,         11029.6908,          8715.6750,         12614.5470,         11771.2869,          8547.2356,         11725.1869,         13315.5109,         11784.5485,         12972.9935,         10052.4070,         11056.3066,          8464.3385,         11227.7041,        399720.6277,        392827.3804,        399765.5348,        390070.1662,        394185.5063,         11562.2417,         11120.6686,         12181.4587,          6404.2758,          3024.1592,          5268.2270,          8946.5402,          8172.8382,          8189.2077,          8360.2158,          5484.4281,         10167.9056,         13484.3431,         12808.1567,        402957.0005,        396127.5891,        403051.2463,        393141.6152,        397348.9817,         12928.5626,          3520.9997,         13429.4040,         10581.0434,          7821.2340,          7601.3959,         11065.0663,         13757.3677,         13532.1182,         12841.0018,         13291.2750,          5960.4411,          8056.7741,        394687.9430,        387816.6186,        394782.7015,        384996.7853,        389099.5845,         12411.2676,          6267.3675,         12114.1171,         13291.8020,         12750.7098,          9670.6217,          4084.8040,          4936.0305,          7759.0910,          1575.3647,          9901.4515,          9714.6937,        405890.9948,        399047.2646,        406111.8451,        396188.0116,        400172.7804,         12916.2759,         10649.3222,          9413.1339,          5854.3372,          9181.8867,         13575.3019,         12588.1547,         13722.9184,         13029.8434,          4240.1445,          5109.9638,        393896.0811,        387043.5944,        394059.1398,        384186.0182,        388238.0539,          7471.4621,         10448.6696,         10435.5160,          6549.1102,          3063.1856,          2258.1245,          5270.0959,          5326.3914,         12381.7532,         11002.6481,        405644.3274,        398826.0499,        405842.1124,        395851.5318,        399936.2992,          4832.7584,          6420.7028,          6511.8888,          9757.4625,          8983.8724,          8073.7062,         11478.8622,         12630.8679,         11461.4333,        400302.8628,        393483.2876,        400421.1091,        390472.1872,        394670.1783,          7572.2773,          9856.0577,         11678.4325,         11819.4358,          8825.5448,         12760.1728,         11829.9315,         12107.3464,        398723.8453,        391873.6297,        398768.2356,        388943.3896,        393171.3868,          5242.4125,         12342.2144,         10615.0536,         12340.3773,         12916.9661,          8738.5604,          6916.5455,        395275.2800,        388456.1742,        395455.7545,        385476.0935,        389587.3278,          8854.7586,          6283.8321,         10391.7763,          9744.5631,          9909.6065,          7084.3312,        399537.4259,        392734.9998,        399777.5672,        389723.6666,        393787.3803,          3192.3637,          4684.8192,          2706.0082,         12223.4993,         11570.7454,        407167.7434,        400334.1357,        407357.0750,        397414.9108,        401472.8894,          6918.3827,          4444.9205,         11480.3086,          9864.1949,        405336.5984,        398520.2740,        405570.4073,        395558.8329,        399595.4103,          6412.1812,         13386.0407,         13449.1154,        406794.5638,        399946.4546,        406895.3639,        397035.7390,        401186.1449,         10899.7799,         10695.0086,        406751.3333,        399908.0269,        406954.1448,        397035.8527,        401048.6700,          3859.8903,        396259.4297,        389400.7761,        396459.7515,        386591.2206,        390570.0043,        396336.0606,        389504.1457,        396589.1350,        386617.4800,        390587.6619,          7366.9644,          7975.6672,         11501.3253,          9773.4420,          9488.4844,          8937.2389,         10150.4315,         14597.0600,         16896.9190,          9488.4844,
   46800.000,   7103.4805,         10563.1948,          2290.9396,         11571.4834,          7683.3076,         13835.5726,          4379.3495,          9688.5646,           523.2284,          8783.4773,         11363.3639,          9626.1052,          4849.5023,           608.8848,          1721.0655,         10164.8606,          2904.1723,          8490.8886,          8572.7519,        397427.4046,        390796.9619,        396639.9443,        385988.2640,        392183.8181,          9598.5214,          5490.2770,          8340.6356,         11505.8680,         11982.3217,          3396.9457,          3807.2953,          6670.9206,         10854.9682,         13538.7580,          7994.3033,          9256.9450,          6584.2234,          7797.9672,         13127.4642,          4714.0700,          2925.5836,          5541.4456,        404404.4561,        397760.1327,        403594.9257,        392982.5167,        399183.9467,          9539.2801,          3437.2735,         12956.6990,          8483.5171,          9176.9553,         10533.2359,         10129.4796,         13539.0836,         11516.3650,         13202.6297,         12451.1248,         10440.9070,          9521.7035,          7498.7124,          9593.6016,         10821.1503,         12496.8712,        404088.0500,        397558.7892,        403427.7038,        392534.9502,        398711.0543,         10248.4264,          9450.7316,         13652.2732,          2299.1977,          8641.5433,          1849.7451,         10179.3622,         12503.8187,          9993.8347,          6713.3644,          1751.8017,          2700.1934,         10796.7262,           836.5859,          7504.7799,          8411.0376,        399233.7556,        392622.1830,        398443.7106,        387789.3521,        394005.5789,         13814.1750,          7537.2009,          9156.8961,          8426.4809,         11086.2420,         13686.3877,         12423.8591,         12094.3279,         13179.5561,         11321.8603,         10978.4003,         10021.3170,         10021.7591,          9110.7745,         11165.1331,        406979.3893,        400420.0646,        406293.7590,        395450.9289,        401621.2723,         11532.1908,         10654.0821,         11579.5093,          7861.9739,          2853.5256,          5579.8773,          7560.2749,          3256.7926,          8095.2201,          8074.2386,          8815.3689,          9758.4518,         10869.3799,          8967.7360,        396346.9555,        389636.9648,        395600.2987,        384912.6347,        390990.7203,         13164.0866,         10090.3837,         13520.7411,         10786.3902,          7846.3974,         10151.0872,         12628.9932,         13828.5472,         13539.8993,          9177.3389,         13546.1998,         10940.1884,         11058.9105,        406259.5580,        399616.2548,        405604.5653,        394744.3127,        400801.5809,          6925.1268,          3918.5646,         10841.8014,         13271.3842,          9529.0045,          8022.6376,          3803.0522,          4869.5658,         11822.7843,          1535.2663,          5860.5811,          7490.7370,        401459.3491,        394844.3132,        400660.1745,        390021.4339,        396242.3692,          9310.8311,         10113.6337,         12753.8234,          5971.1470,         10117.7251,          9299.6702,         10440.5937,         13776.0630,          7971.9962,          1525.3085,          3890.0802,        406563.9425,        399878.4873,        405760.4008,        395152.4028,        401307.5072,          8874.4786,         11340.5907,          9509.1978,          5086.8038,           429.9866,          1660.6349,         10040.3295,          2466.5093,          8140.2626,          8374.7900,        397903.8682,        391277.0806,        397118.8085,        386461.8287,        392658.7491,          6138.5553,          5150.2925,          4330.8924,          9039.3482,          9508.4840,         10510.5557,         10258.3642,          9532.9037,          7121.8897,        398471.4882,        391728.2882,        397704.4567,        387061.9013,        393125.0803,          9514.9485,          8236.1070,         11689.8307,         11127.3835,          6494.0654,         12765.2651,         12687.0456,         11327.3870,        398752.5252,        392071.4639,        398083.5244,        387261.7136,        393294.5796,          7101.3511,          9549.7739,         10668.9486,         13055.5231,          9651.6259,          5639.6361,          2802.3276,        402983.3951,        396229.7085,        402178.8807,        391599.3637,        397686.6376,          5222.3282,          5713.7499,          9835.1697,          6994.6027,          9080.6375,          7510.0732,        396683.4777,        389986.6865,        395901.6694,        385265.0711,        391389.4789,          1987.7260,         10470.0042,          2318.4082,          8085.7104,          8331.2460,        397912.8417,        391283.5392,        397121.1085,        386475.8948,        392676.4170,          8996.0105,          3498.2811,          9398.9263,          9733.0825,        397192.5725,        390588.5766,        396429.3439,        385729.1200,        391928.4902,         11270.5752,         13638.4979,         13630.0353,        398123.7820,        391553.6612,        397493.6492,        386568.8525,        392676.2886,          6813.9079,          7891.0883,        399946.9488,        393329.9551,        399149.9577,        388508.6530,        394725.8222,          3134.3489,        405283.4620,        398595.8649,        404468.2127,        393880.3548,        400044.1071,        403727.0124,        396996.6302,        402903.8380,        392345.2082,        398473.3794,          9602.5513,          6410.7936,         12761.0253,          9726.5857,          8586.7104,         12795.7408,         11350.6383,         15841.9885,         14804.7313,          8586.7104,
   50400.000,   7837.2491,         11425.8214,          2588.1094,          6757.9537,          7501.2529,         13719.9357,          4446.8161,          7096.4810,          3963.4594,          8213.0736,         11358.6905,          9063.0979,          9352.7303,           813.7970,          6284.7538,         10377.0336,          2982.4428,          9567.8587,         10934.2690,        401180.3596,        396352.6420,        400607.0012,        390226.6540,        397444.1937,          7936.0543,          5588.8189,          2679.9562,         11524.2829,         10577.3038,          4406.1608,          6849.1119,          8852.4900,         11193.9047,         13042.4390,         10172.1909,         13221.4510,          7824.8669,         11027.9427,         11467.9468,          5524.2350,          7319.3350,          9094.1669,        395722.4685,        391013.8566,        395160.6707,        384810.4292,        392090.4025,         10684.6381,          7285.1471,         13638.6567,          7794.0687,          8861.8380,         12297.7387,          9462.6107,         13611.9279,         12563.9123,         13228.9521,         11581.5111,         11031.6120,          9716.8080,          6223.7952,          9822.3297,         11585.4498,         11812.7575,        396361.4733,        391553.5607,        395716.9801,        385605.2696,        392847.5085,          4793.0935,          8714.6556,         13204.6275,          2654.1923,          6108.2906,          5356.1504,          9015.1077,         12178.9639,          9152.0155,         10997.3276,          2766.7937,          8023.0992,         11098.4782,          1561.7005,          8512.8239,         10266.1641,        399126.1310,        394339.8096,        398565.2607,        388164.9984,        395402.3974,         11841.1171,         11628.6419,          2536.4889,          8307.6092,          6935.5560,         11853.3323,         13614.8335,         11373.5667,         12692.9034,          6485.2997,          9335.0227,         10012.9505,          3999.7976,          9279.4137,         10896.2302,        395485.1120,        390706.7658,        394903.3766,        384582.8851,        391829.1183,         11510.2931,         10599.9794,          6533.6724,          9301.1618,          1530.1184,          5351.4795,          3991.6522,          6155.9328,          8048.4286,          9114.1981,         12026.7395,          9639.6115,          7604.4073,          7428.4860,        407184.0727,        402447.1318,        406619.4979,        396260.5197,        403527.0878,         12790.6211,         10936.8543,         13285.5005,         10811.3621,          8122.7373,          9744.3298,         10592.3975,         13765.7938,         12884.7941,         10322.5116,         13251.7313,          8574.3586,          7247.1745,        401443.5058,        396781.3024,        400831.1898,        390691.5613,        398005.9729,          7788.9559,          5176.3292,         10857.8953,         13217.6830,         10814.9161,         11754.9691,          4135.7291,          7972.6221,         10023.8080,          1516.4966,          9526.9004,         11202.5239,        397045.3030,        392238.0741,        396467.2778,        386116.1833,        393345.7942,         10018.3977,          5744.8206,          9368.9692,          4368.4986,         11093.9238,          7714.6363,         11512.7013,         13610.1577,          7412.2793,          3197.3868,          5167.6463,        401776.8634,        397128.8289,        401249.7806,        390810.9903,        398116.6769,         10195.9626,         11767.6386,         11256.3727,          8353.0145,          3250.8585,          3078.2097,          7102.3200,          4439.7339,         11722.5334,         12650.9494,        400561.3185,        395659.2869,        399945.3935,        389673.7180,        396859.4448,          5000.3556,          2527.6461,          7069.6482,          8795.3570,         10182.8304,         12634.4068,         10035.2588,          6415.8928,          6089.7654,        406898.0648,        402198.5848,        406342.5548,        395973.6526,        403258.5669,          5667.4376,          5420.2973,         11670.1633,         10652.2954,         11155.6070,         12731.2131,          8469.1083,          6871.2020,        408006.6831,        403294.9963,        407412.0636,        397176.3743,        404462.7959,          8844.6206,          9659.6768,         11622.4016,         13416.1555,         10259.0711,          4178.6339,          3794.5846,        405564.3530,        400919.2166,        405022.3865,        394638.0461,        401949.1387,          9375.4660,          6226.6010,          7708.1059,         11062.5353,         11399.2628,         10698.0483,        407335.5559,        402488.8483,        406705.1212,        396517.2276,        403737.5004,          5779.3985,          9865.6380,          2704.4333,         10059.6627,         11393.9815,        400773.4844,        395929.5340,        400192.8123,        389829.0986,        397039.2516,          5439.6795,          7321.1677,         12776.3995,         13163.1129,        402655.3687,        397724.5087,        402016.0308,        391811.1652,        398986.0695,         10172.2256,         13683.0693,         13583.2982,        400805.0489,        395884.0326,        400130.8626,        390058.0944,        397244.7247,          9515.5847,         11158.1287,        398305.7338,        393489.5329,        397730.7701,        387363.2990,        394587.3319,          2391.8837,        401737.5638,        397134.9791,        401204.7224,        390814.1827,        398145.5673,        403282.7026,        398688.8661,        402739.4013,        392391.6544,        399730.0094,         11355.9229,          4399.8299,         13427.9068,          9499.0152,          8770.4412,         15595.4683,         11120.8989,         15607.5366,         11643.8574,          8770.4412,
   54000.000,   8369.8157,         10140.6206,          3661.1876,          6806.4677,          7792.9806,         13543.8920,          4521.4946,         12124.6404,          5523.4441,          9259.9842,         11377.7806,         12236.2653,          8984.9769,          1123.5982,          6677.6710,          4359.1181,          3090.8777,         13247.2690,         13693.6028,        404924.5831,        403490.5697,        404956.9864,        396750.7462,        404240.8924,          2597.4301,          5674.0106,          7213.7999,         12863.4261,         10050.6550,          4524.7157,         11752.8269,          7178.8498,         13409.9811,         13372.5267,         13423.0621,         10638.8786,          8380.4040,          8807.0466,          8448.7748,          5768.6523,          9480.1891,         10017.7006,        405609.2829,        403994.0652,        405605.1079,        397266.8802,        404743.8204,          7652.9630,          7940.1326,         13181.0930,          7987.2087,          6822.2161,         10583.0419,          8676.5550,         13380.9342,         12686.1148,         12475.8209,         10936.1538,         10172.4470,          9893.3183,         10027.5118,          7935.6884,          7394.0607,          7907.9326,        403689.7547,        402034.4475,        403677.3021,        395315.9427,        402787.0013,          4555.5223,          9697.9782,         12428.9565,          2993.3332,         11607.3671,          6586.1857,         10955.0055,         12162.2971,         12917.0436,         10710.3963,          4261.4531,          8327.6108,          6465.0275,          2312.9691,         11936.4766,         12672.3874,        406035.7759,        404497.1933,        406047.0078,        397833.5825,        405289.6091,          8782.3987,         10398.6682,          7070.2588,          8485.7831,         10107.1826,          9773.4779,         10077.8433,         11035.6713,         12756.6757,          7692.2504,         11416.0354,          9997.8661,          6673.2057,          9816.3045,         10997.6647,        403265.0786,        401630.1935,        403256.3599,        395107.1710,        402503.0855,         11490.7305,         11078.8913,          7866.4373,         10655.3153,          1916.7600,          5049.7694,          6464.2494,          9848.4955,          8185.5110,         10371.1455,          9584.8347,         10112.9573,         11537.6561,         11852.7823,        397456.3766,        396025.0672,        397488.6113,        389346.7300,        396811.2744,         12597.5392,          5353.7547,         12843.9136,         10580.3372,          8001.6738,          7047.2446,         11672.5616,         13700.2179,         12887.9348,         13610.7522,         13018.6064,           838.3108,          1079.2190,        395765.4815,        394093.1010,        395748.8887,        387414.1141,        394867.4350,         12873.7510,          4339.8217,         12107.2237,         13247.0863,         13662.0511,          9199.3984,          4345.5670,          6373.7869,          4901.4147,          1496.3741,         12169.4427,         12590.6567,        406695.2064,        405192.1815,        406713.8749,        398422.0187,        405921.3734,         13504.0059,          6998.2571,          4208.1755,          4417.0456,         12563.1267,         12597.1195,         13578.1174,         13540.4836,         12695.1081,          5356.4191,          6215.0374,        394983.7584,        393340.2463,        394972.7300,        386778.5513,        394187.5869,         11362.7099,         12799.2378,         12895.8827,          5425.2557,          4581.2857,          2126.6517,          1929.7083,          4521.0642,         12679.3309,         12555.8637,        404860.4166,        403464.5169,        404900.8508,        396542.5120,        404105.2817,          3478.5390,          4787.0500,          9708.5939,          9545.4545,         10844.8721,         10490.9779,         11306.5275,         10749.8088,         10907.9392,        395763.6693,        394327.3344,        395794.7998,        387629.8127,        395101.4027,          1809.0140,         10796.6994,         11692.5245,         12347.0870,         12398.7061,         12762.5727,          8279.2430,          8443.8317,        393907.2006,        392389.9085,        393921.7729,        385731.2442,        393183.8507,         10353.1059,         12426.9564,         12287.4763,         12703.7567,         13343.1921,          7479.5469,          7342.5037,        393159.2627,        391641.2129,        393173.7133,        384937.4093,        392407.5264,          8178.5543,          3525.5137,          5667.1476,          9216.8990,         11872.6761,         11154.0552,        400003.6207,        398669.3951,        400056.2925,        391650.5655,        399252.5281,          5686.1690,          3280.9325,          3038.4588,         13441.7455,         13762.5557,        405012.9665,        403602.0356,        405050.1231,        396817.6410,        404326.2226,          2578.4704,          6405.1091,         12861.2882,         12502.4059,        403368.4581,        402016.7777,        403417.8017,        395038.3099,        402624.5806,          4459.1709,         13469.0047,         13414.7010,        404647.8307,        403282.4886,        404694.3904,        396376.0505,        403934.0721,         12616.9544,         13079.3370,        406428.0219,        404945.3702,        406450.7543,        398191.4131,        405685.3273,          1661.0232,        396445.4370,        394759.3654,        396426.0935,        388100.0775,        395545.1807,        395785.3923,        394129.9981,        395772.3079,        387408.8880,        394879.3779,         12531.7792,          2539.7331,         13660.3400,          8871.8597,         10023.1563,         17356.1941,          9472.8855,         13813.8737,          7495.5963,         10023.1563,
   57600.000,   7620.8969,         11066.1980,          3364.3580,         11599.6491,          7962.4690,         13680.4597,          4421.1126,         13612.4321,          5752.2540,          9672.3579,         11380.7886,         12454.6311,          1430.5135,           961.2432,          3604.8898,          4711.4163,          3039.1541,         11728.6619,         11658.5814,        390341.7163,        392853.9776,        390041.8223,        385946.3072,        391578.6868,          8265.6130,          5568.6976,         10525.7967,         12753.0964,         11620.8422,          3538.4859,         10038.4578,          1979.1064,         12952.5550,         13838.3989,         11613.0382,          7112.0745,          7159.9318,          4318.8926,         10796.1163,          4919.3053,          6597.6702,          6850.1601,        394822.6701,        397449.3846,        394588.3184,        390606.6951,        396152.5352,          8977.6471,          2982.5137,         12649.3199,          6568.3622,          9510.4758,          7928.3605,          8738.8946,         13080.3917,         10727.9263,         11948.8172,         11306.7426,         11304.8998,         10093.5742,         10686.3837,          9947.3927,          8958.4110,          9701.1030,        397988.5811,        400756.0245,        397716.1813,        393591.7280,        399338.6241,         10148.3567,         10299.2348,         12996.9685,          2651.2582,         12915.7834,          3778.2544,         11779.1864,         12483.6304,         13296.0777,          3982.1128,          3554.4241,          2781.2907,          6434.1779,          1859.4131,         10869.7755,         11032.7804,        390783.3870,        393398.1227,        390510.6812,        386443.4772,        392078.3389,         11520.2561,          5728.1624,         11141.4824,          8453.6762,         10652.0186,         12099.1549,          8786.8077,         11801.4511,         11970.9556,         11998.5120,         11506.3574,          9967.0047,         11243.9406,         10601.6721,         11238.6112,        398345.0508,        401093.8554,        398042.4630,        393852.2723,        399664.5940,         11456.2884,         11092.5855,         12366.0245,         11656.8254,          3039.1601,          5294.9675,          9006.1392,          7853.8160,          8239.5894,         10353.2020,          5459.0653,         10224.4759,         12845.4229,         12627.0049,        394911.6843,        397307.1047,        394541.5801,        390317.6429,        396051.8526,         13035.3341,          3984.9681,         12228.6751,         10540.6844,          7661.3942,          7785.6229,         13474.3831,         13774.5960,         13209.0600,         12466.7693,         13356.3101,          8195.4859,          8686.0051,        402980.3953,        405623.0023,        402670.8999,        398499.3955,        404257.1680,         12141.7463,          1563.6079,         11973.9209,         13292.8150,         12461.7393,          4134.3624,          3980.9476,          1080.4602,          8316.4013,          1451.3819,          9230.9498,          9303.2635,        391928.1156,        394513.9136,        391672.5315,        387656.0924,        393226.4125,         11061.2995,         10883.9958,          9824.4496,          6092.4317,         13037.9290,         13427.7490,         12330.6874,         13681.0596,         12771.0138,          4824.9654,          5257.6289,        403668.1297,        406262.5581,        403385.1632,        399293.8590,        404948.8554,         12224.9830,         13340.1142,         11907.1141,          5336.6530,          5302.8467,          2402.1426,          9265.2181,          2947.1157,          7946.5579,          8089.0751,        393243.4491,        395847.5015,        392996.5610,        388993.7666,        394555.2211,          5096.5948,          6476.3205,          9167.3482,          9694.1259,         11269.9580,          8102.5350,         11401.9222,         11575.8930,         11234.9835,        397544.5007,        399901.6284,        397178.3303,        392976.1162,        398674.3942,          7988.0540,         11364.7598,         11710.8552,         12908.6501,          8330.0863,         12808.3805,         12260.4350,         12281.9819,        399003.7688,        401489.3260,        398630.2234,        394363.7834,        400173.6016,         11568.1138,         12152.4054,         12122.4682,         12409.7688,         12651.3966,          7092.2323,          6660.9102,        402406.6350,        404813.5800,        402085.1981,        397969.4820,        403590.1278,           664.5037,          3133.8078,          5601.6819,          2989.7101,         10863.8309,         10706.7426,        391142.3801,        393626.3494,        390846.2942,        386769.5903,        392372.3701,          3030.4923,          5527.2497,          2694.6472,         11256.9241,         11137.7090,        390625.4778,        393123.5456,        390331.2993,        386254.3967,        391861.9466,          7766.9759,          1023.1566,          9470.8690,          9453.1207,        391721.5515,        394274.7512,        391457.4559,        387432.3562,        393001.5120,          7136.2724,         13453.9283,         13485.9404,        391199.9885,        393726.0789,        390857.9170,        386656.1778,        392408.5344,         10188.8967,         10220.5241,        391094.0843,        393662.2212,        390825.7139,        386785.3601,        392375.9240,           921.5619,        401103.1554,        403665.5558,        400852.2478,        396850.5415,        402397.6181,        401059.7143,        403592.9976,        400806.1016,        396808.3432,        402341.6788,         13226.4656,          4237.2855,         13558.8444,          6944.4443,         11991.2789,         18144.8152,          7567.5504,          9832.7728,          4543.4556,         11991.2789,
   61200.000,   7080.8307,         12882.5925,          2168.9460,         11257.2267,          7685.0291,         13838.7531,          4326.7816,          9315.6981,          7547.0852,          8619.5303,         11384.3995,          9346.4945,          7361.3368,           597.5643,          5291.4928,         10517.3461,          2966.6301,          8403.6352,          8503.8649,        398438.2976,        405066.5571,        398033.5812,        398140.2817,        398340.1812,         10474.6037,          5484.8705,          7850.2287,         11411.7727,         11975.7702,          3475.8255,          3337.2403,          6305.8442,         10683.7317,         13482.1481,          7863.1290,         11557.6786,          6597.7711,          8410.0571,         13149.7295,          4660.8403,          5592.0704,          5787.5797,        391494.9672,        398150.7550,        391085.6595,        391167.3925,        391397.8377,         12176.6870,          4144.9092,         13090.1228,          4601.2211,         11366.6159,          9806.2741,          8031.4596,         12889.0536,         10418.2349,         11950.7924,         10219.2483,         12740.1282,         10280.9517,          8374.5574,         11937.6652,         11665.9850,         11812.3934,        389204.1910,        395748.1009,        388892.6784,        389180.3985,        389123.8515,          9950.4076,          9332.1950,         13695.0381,          2286.8895,          8209.8090,          6006.2496,          9899.6859,         12479.4389,          9646.1044,          8153.7688,          1588.5820,          4811.0700,         11083.0569,           896.2763,          8208.9475,          8347.8280,        396697.0071,        403299.1626,        396266.6224,        396366.0767,        396588.7281,         13839.3869,          8170.1041,          8663.5073,          8145.1558,          4871.6831,         13683.0293,         12754.8023,         12064.8936,         10356.7300,         10948.7518,          8428.2904,          9958.9181,          9529.5023,         10940.9026,         11129.0774,        388996.7997,        395504.4549,        388607.2205,        388835.5929,        388890.1903,         11440.9969,         10612.7643,         11404.2556,         12433.9128,          2704.3694,          5580.6233,          7228.6185,          8233.9132,          8123.8044,         10408.1835,          9367.0476,          9787.0383,          8566.3258,          8532.3368,        399614.1555,        406377.0777,        399361.5524,        399530.9111,        399573.7262,         13199.2198,         10353.7769,         11302.2075,         10771.7499,          7750.7838,         10227.5759,         11260.7517,         13832.1450,         12635.0431,          8910.1350,         13548.6489,         10887.5671,         10965.5033,        389925.0697,        396585.2002,        389702.3632,        389995.2153,        389882.2494,          6565.5903,          5111.2341,         10698.9308,         13261.8401,          9389.1864,          9478.0689,          3754.9172,          5715.4373,         11907.4020,          1414.0808,          7524.7790,          7695.3860,        394471.7625,        401073.5605,        394033.2259,        394124.5611,        394360.9448,          8452.4530,          9997.8546,         12774.7303,          6093.2668,         12910.8965,          8961.1589,         10751.7638,         13718.3862,          7519.8510,          3997.6814,          4178.5003,        389658.7675,        396381.6072,        389305.9135,        389398.0144,        389584.5942,         12872.8505,         13039.2001,         11990.2291,          8079.3541,          7177.3108,          4276.2646,          9524.2189,          5711.7645,         10537.0664,         10731.2094,        392819.6596,        399307.6148,        392375.3729,        392555.1219,        392695.5470,          6182.6444,          4904.3438,         10160.4716,          8928.3201,         11672.6563,         10901.7678,         10138.6233,          6719.0832,          6641.0980,        397650.4941,        404467.6451,        397417.3402,        397564.7350,        397621.0739,          9388.1497,          8282.7693,         11711.3060,         11754.7384,          6862.5909,         12800.1648,         10983.7737,         10984.1207,        397385.9206,        404105.0780,        397188.5864,        397458.0723,        397356.9517,         12512.9241,          9349.9737,         12366.2167,         13157.6223,          9441.6872,          2516.7026,          2378.6567,        393378.1603,        400218.1237,        393120.0518,        393221.7470,        393343.5495,          7636.7542,          4916.9027,          3840.9829,          8738.0075,         12525.8195,         12632.0281,        399170.7210,        405692.9339,        398815.7351,        399066.9018,        399076.3123,          5189.7097,         10740.1720,          2380.3328,          8255.4471,          8365.5196,        397971.5571,        404595.2532,        397559.6944,        397662.1246,        397870.8868,          7797.8330,          5206.2672,         11394.3257,         11549.9082,        397056.7710,        403547.7619,        396622.2856,        396808.8236,        396936.0929,         11481.8164,         13556.0636,         13655.8307,        397461.5673,        403981.1653,        397158.1109,        397470.8897,        397381.7256,          7819.2787,          7969.4783,        395861.7988,        402467.2589,        395428.1971,        395521.5596,        395752.8712,           206.1648,        392509.8892,        399311.9849,        392204.1846,        392283.1266,        392457.6066,        392569.9169,        399377.7669,        392267.2401,        392344.8295,        392519.1003,         13549.5648,          8023.1297,         13136.3660,          3220.4856,         11343.4716,         17994.1097,         11438.9749,          7879.7466,          5012.1922,         11343.4716,
   64800.000,   7901.6421,         12226.2714,          2679.4647,          6229.0944,          7562.4512,         13689.5612,          4412.8237,          7305.8315,          9480.1692,          8240.6760,         11400.6223,          9344.0334,          9884.6885,           868.6384,          8142.2535,          9984.6919,          3063.3911,         11527.5827,         11341.4812,        392419.1146,        402318.1986,        395186.2433,        396384.1741,        392572.1134,          6659.5924,          5604.2771,          2566.1756,         11638.2603,         10463.2608,          4480.3242,          7245.8031,          7469.1319,         11413.7809,         13028.8395,         10601.3864,         10624.3446,          7921.1607,         10048.3169,         11078.7220,          5520.1037,          9612.1637,          9373.2151,        397690.5240,        407509.8306,        400327.9715,        401521.9699,        397817.7964,         10904.2440,          8211.4748,         12960.1858,          5200.0392,          9738.2900,         10286.5102,          7090.4421,         12486.0025,         11472.5805,         11245.0740,          9415.6980,         12144.1930,         10450.0834,          9970.1466,         10629.1100,          8217.9780,          8354.9191,        396392.5757,        406227.6036,        398949.9695,        400032.3403,        396470.1667,          4116.0866,          8747.9426,         13110.3517,          2708.5533,          6287.5035,          9044.4839,          9060.5919,         12159.6460,          9444.5754,         10542.0481,          2955.4238,          9009.4211,         10770.4181,          1745.6807,         10862.9486,         10597.1500,        394437.6706,        404297.7174,        397166.5594,        398389.0967,        394591.0449,         11465.1154,         11818.6105,          2105.9124,          8056.2725,          6554.9230,         11535.5899,         13441.3784,         11293.4777,          9558.7756,          6051.3428,          8466.0266,          9937.4171,          3393.9853,         11105.8461,         10900.7986,        397535.6392,        407402.4429,        400230.7537,        401406.1639,        397668.2247,         11416.7629,         10640.0744,          6376.7974,         13100.1460,          1331.9216,          5319.2944,          3871.8914,         11978.6027,          8115.7197,         11561.2374,         12063.0957,          9758.5346,          7780.1125,          7749.8392,        386170.0789,        396004.6420,        388842.3221,        390051.5940,        386307.8724,         12778.1621,         10667.0123,         10154.0708,         10753.5674,          8006.2444,          9423.4379,         10368.6604,         13754.9565,         11916.0251,         10803.2260,         13202.9891,          6021.7737,          6483.6843,        391675.7085,        401496.9219,        394193.1917,        395256.9047,        391739.6429,          8119.3731,          6947.5557,         10933.0372,         13220.2981,         11150.3304,          9223.2121,          4126.0832,          7691.1269,          9503.9935,          1398.7052,         11735.3938,         11537.6565,        396411.8189,        406303.1477,        399146.0556,        400321.6646,        396551.8981,         12211.2657,          5714.5998,          9027.9996,          4548.6089,         13232.2379,          7987.4243,         12695.9352,         13544.2145,          7749.4536,          5972.0069,          5517.0834,        391399.4619,        401145.6320,        394006.3637,        395291.4712,        391548.5217,         13346.6946,         13082.6858,         13450.0543,          4271.8265,          8913.6971,          4428.5298,          4743.6327,          7758.4555,         12561.6590,         12672.9864,        396820.1936,        406796.7208,        399535.4645,        400547.8212,        396906.4814,          4858.2200,          2584.3347,         12467.1296,          8829.1721,         12209.9719,         12601.9975,         10162.1169,          6656.8275,          6607.7832,        386327.3204,        396134.9300,        388969.1328,        390191.2630,        386463.2583,          5071.1863,         11427.4167,         11716.1562,         12121.1423,         11565.2666,         12783.5045,          6202.4732,          6571.6581,        385231.1597,        395070.3137,        387830.3100,        388955.0401,        385328.8795,         13164.2056,          9952.0115,         13151.2512,         13398.5945,         10633.7900,          4387.3140,          4250.1057,        387420.2344,        397181.4087,        390007.6307,        391249.1220,        387551.8163,          9304.5001,          2467.8779,           565.0389,          9443.4111,         12969.6104,         13206.5954,        393206.0788,        403234.4366,        395954.4000,        396914.8560,        393282.5270,          7449.9855,          9389.3565,          2813.7661,         11964.5334,         11805.4867,        392798.0224,        402714.7783,        395575.9510,        396755.5432,        392947.4759,          2383.8806,          7752.5144,         13550.0214,         13694.5241,        393616.9919,        403648.0281,        396402.1476,        397397.0965,        393711.1187,          9664.0236,         13340.6771,         13580.6715,        392919.1829,        402958.0366,        395678.0789,        396631.9682,        392995.6266,         11741.0138,         11535.0501,        395305.1688,        405198.9398,        398053.5403,        399240.0337,        395451.2405,           589.9336,        389766.7422,        399503.7148,        392283.9756,        393490.1173,        389874.2386,        389987.2203,        399716.6479,        392505.2187,        393724.6655,        390098.9743,         13556.9011,          9371.1692,         12323.0278,          3133.9159,          9488.1418,         16896.4616,         14597.6282,         10150.9900,          8938.3662,          9488.1418,
   68400.000,   8311.8765,         11452.0095,          3675.4551,          7330.8559,          7866.9532,         13544.5265,          4469.9905,         12390.3408,         10094.9301,          9347.2799,         11397.1775,         12462.2190,          5207.3345,          1135.1282,          7215.1141,          3479.6319,          3155.7734,         13620.8856,         13704.9092,        385244.9335,        396743.5485,        390434.2357,        391626.9883,        385911.4150,          6820.3358,          5671.4796,          7729.2952,         12942.8382,         10262.0137,          4463.7522,         11822.0291,          3561.9264,         13509.8944,         13436.8110,         13482.6469,          4191.7261,          8284.0235,          5392.5729,          8364.0574,          5629.9006,          9952.6230,          9860.2012,        384765.8737,        396266.2967,        390080.6251,        391301.8938,        385450.8278,          9154.9807,          6483.1407,         11841.7631,          5130.6588,          9812.0258,          6588.6440,          7221.2883,         11824.6181,         10038.0427,         10050.3258,          9793.6480,         11832.0079,         10643.4753,         12417.1437,         10300.7091,          6866.6803,          5906.0839,        390202.3184,        401766.6111,        395592.4600,        396705.0874,        390839.0191,          5220.5254,          9813.0885,         12454.6139,          2986.8781,         11824.5622,          8426.9688,         11122.9406,         12184.2006,         13165.8954,          4226.5793,          4274.3621,          7057.5576,          5895.5846,          2366.9368,         12856.6158,         12696.3586,        384136.5449,        395667.4790,        389399.4086,        390548.9901,        384785.7969,          8802.9578,          9991.1929,          7679.0246,          8229.8189,         10052.3043,          9855.1789,          9693.9952,         11075.9166,          8501.2768,          8216.2771,         10729.7178,          9916.8780,          7333.7583,         11648.2719,         11012.0041,        387495.6657,        399089.8148,        392830.3468,        393871.9982,        388096.9820,         11383.7369,         11111.2202,          8287.9645,         13436.3455,          2008.8001,          5030.3215,          6833.7945,         11342.5436,          8246.5107,         12148.7217,          9116.5384,         10231.9969,         12172.8870,         12158.7562,        392764.3472,        404287.2458,        397950.5565,        399091.9277,        393406.1793,         12684.7461,          4664.3257,          8958.1604,         10499.0474,          7831.7705,          6733.3455,         12283.5858,         13707.8018,         12094.7513,         13753.3634,         13052.0026,          3187.1498,          2008.9116,        394824.8432,        406352.7425,        400178.5462,        401352.8296,        395488.7398,         12988.5587,          6678.9787,         12145.2794,         13248.7800,         13743.8606,          1392.4484,          4278.0732,          4363.0816,          4635.6104,          1373.6076,         12352.7369,         12449.1871,        383596.3824,        395082.2140,        388834.6654,        390066.4329,        384283.2395,         11625.0741,          7501.8673,          4424.1614,          4769.7179,         12983.3847,         12830.7869,         13515.1092,         13478.7759,         12879.7614,          7220.0628,          6425.1322,        395417.3259,        406986.4238,        400752.2514,        401841.9406,        396040.7452,         13515.4400,         13127.8899,         12520.9477,          5719.0236,          9787.5939,          4886.6123,          9098.6117,          7809.6036,          7647.0588,          7914.1219,        386962.5375,        398421.0029,        392258.8046,        393555.3074,        387681.9279,          3578.1131,          5123.6960,         12185.4188,          9592.8728,         12593.3264,         10101.5881,         11423.9319,         11181.3796,         11234.2070,        394499.1581,        406011.3736,        399686.3761,        400849.1439,        395150.9657,          2481.7899,         13208.1873,         11716.4338,         13515.5072,         12207.2187,         12806.8705,          9119.3028,          8920.3007,        396257.7351,        407793.0841,        401506.1994,        402640.1844,        396898.4056,         13456.7904,         12595.5962,         13247.6507,         12657.6359,         13501.1005,          7461.2101,          7472.0758,        397236.0083,        408744.3378,        402481.6722,        403668.1111,        397901.1101,          4773.6379,          2981.0726,          4440.5599,          2468.7615,         11625.1385,         11842.9434,        384118.8167,        395585.4744,        389348.6917,        390615.3379,        384821.6714,          6465.8953,          2369.1223,          3075.0685,         13519.0867,         13709.0026,        385190.5896,        396670.4035,        390364.3472,        391589.8140,        385871.7955,          5011.0813,          5203.3101,         10683.0322,         11209.7168,        385310.2808,        396733.0516,        390513.5466,        391857.3652,        386048.2076,          3979.6227,         13016.7898,         13425.1514,        385539.9483,        396981.8723,        390688.2221,        391980.6274,        386251.5111,         12879.7665,         12958.2992,        383789.4769,        395281.5415,        389013.9432,        390229.8850,        384468.3386,          1321.4573,        394516.8056,        405993.6994,        399831.4155,        401095.0090,        395221.0467,        394473.1458,        405971.1794,        399810.5536,        401038.6617,        395161.6606,         13216.5815,          9813.0614,         11006.6421,          5067.7289,          8586.6229,         14803.9921,         15842.1243,         11350.7826,         12796.6659,          8586.6229,
   72000.000,   7482.0609,         13012.2423,          3229.1749,         11839.8218,          7989.1629,         13704.2415,          4356.1515,         13477.8202,         10935.8954,          9583.9037,         11411.3716,         12250.6792,          7320.0242,           924.3723,          5863.8791,          5540.5218,          3087.8828,         10527.6318,         11259.7918,        397579.5332,        408536.8123,        404010.2259,        405086.0675,        398031.2657,         11318.6388,          5547.8866,         10532.8103,         12643.6081,         11829.9773,          3458.1095,          9685.4576,          6128.6070,         12720.7595,         13841.9397,         11221.5334,          8897.4675,          6974.5868,          3905.8451,         11163.7631,          4728.1864,          6982.7352,          6499.5786,        392959.1929,        403986.3748,        399370.3952,        400404.8067,        393404.1132,         12089.3096,          3272.8108,         11523.0900,          2316.3244,         12409.6375,          5886.7815,          6505.6588,         11285.3384,          7862.4030,          9692.7562,          8485.4698,         13201.4759,         10820.7868,         11114.4734,         12653.1436,         11000.7397,         10073.0048,        386642.5417,        397535.4366,        392943.0283,        394209.6647,        387219.4390,         10417.8480,         10267.9023,         13124.2684,          2588.0100,         12742.1015,          8793.6044,         11649.9423,         12507.4183,         13067.0179,          5835.7794,          3347.9431,          2853.6791,          6954.1406,          1805.6148,         10555.6899,         10717.9033,        397083.0440,        408056.9287,        403471.4842,        404576.4496,        397562.4023,         11890.0928,          5536.5084,         11199.0736,          8188.5552,          5722.0952,         12416.3926,          9069.1226,         11877.2713,          5945.2884,         12162.4537,          9044.7117,          9905.1425,         11366.9913,         12193.1661,         11246.9577,        389366.6295,        400260.2933,        395635.1609,        396932.6493,        389966.7406,         11368.5395,         11053.5958,         12546.0080,         13453.0243,          3044.7400,          5342.6043,          9030.6358,         10089.6639,          8277.6479,         11829.3659,          5524.5801,         10264.6982,         11293.0215,         12404.0280,        393420.8782,        404294.4508,        399872.3521,        400997.4850,        393883.4780,         13126.3050,          4517.8747,          7525.7569,         10532.4635,          7514.0378,          8035.2263,         10231.5720,         13788.0115,         11977.1075,         12038.5645,         13410.2385,         10079.4671,          9252.1441,        385058.8645,        395957.2535,        391392.0518,        392621.1896,        385609.4275,         11854.1099,          8296.1430,         11816.8210,         13292.8256,         12156.2945,          7726.3285,          3879.8652,          3003.2719,          8870.4289,          1329.4959,          8746.2411,          8917.5033,        395849.8625,        406854.8742,        402267.9418,        403314.9290,        396296.1475,          6530.7283,         11111.9490,         10230.0814,          6345.7124,         11770.2815,         13260.1886,         11282.5471,         13628.3469,         12484.2372,          6652.7050,          5400.7383,        384368.9981,        395332.5842,        390758.3370,        391873.8408,        384855.3366,         13411.0141,         12191.4661,         11067.1855,          7663.9015,         10855.3706,          6393.2373,         11815.7609,          9098.0429,          8880.9987,          7421.9363,        389249.5854,        400228.1568,        395572.1063,        396740.9012,        389780.5667,          5368.3785,          6498.6825,         11781.2699,          9612.3010,         12793.3875,          8178.1324,         11300.2386,          9684.5386,         10956.2209,        390860.5897,        401749.7437,        397343.0240,        398422.8500,        391294.7045,          8373.3978,          9989.4071,         11744.4536,         13029.5489,          7825.2524,         12853.5870,         11963.9675,         12409.3872,        389423.4520,        400263.8264,        395809.5964,        397031.3617,        389948.8670,         13428.0803,         11934.4740,         12922.0607,         12466.2461,         12355.4209,          5486.1616,          6370.2293,        385868.8389,        396817.3314,        392358.1294,        393382.0643,        386280.9877,          7907.9690,          5657.5542,          5797.6818,          7364.5431,         12698.8488,         12365.7343,        395064.1840,        405970.5848,        401364.5564,        402618.1887,        395634.0356,          5820.8467,          6332.1099,          2685.5029,          9916.4981,         10708.4455,        397279.1635,        408248.0068,        403722.2168,        404775.1614,        397717.5375,          8743.1584,          3515.6784,          9934.2303,          9558.7516,        395286.9104,        406274.7584,        401648.7605,        402768.5979,        395782.6495,          7853.9086,         12968.8174,         13522.3006,        396614.4101,        407492.5478,        402989.9230,        404190.5079,        397134.5019,          9405.9312,          9757.6784,        396653.4744,        407645.2238,        403073.2224,        404130.2345,        397102.6872,          2042.9086,        388009.3396,        399026.7161,        394501.3936,        395461.8758,        388396.0984,        387208.4799,        398230.2400,        393670.1739,        394658.6103,        387617.9045,         12409.6778,          9941.0438,          9116.3672,          6891.7624,          8770.6164,         11642.8464,         15607.2692,         11120.6208,         15596.1166,          8770.6164,
   75600.000,   7073.2756,         13459.5744,          2052.9510,         10877.0421,          7704.3495,         13834.9607,          4279.7125,          8926.2101,         12341.9073,          8470.1148,         11422.3577,          9085.4582,         11584.4963,           604.3688,          8509.3789,         10795.9556,          3036.5143,          9054.7316,          8491.1798,        388916.2997,        396711.0920,        394835.5174,        395635.8683,        388227.2597,         10482.8148,          5492.7568,          7340.0290,         11329.3883,         11926.1190,          3564.0495,          2867.2525,          9495.7869,         10535.8210,         13417.4987,          7780.0032,         10536.3556,          6630.0929,          9243.7225,         13124.9815,          4622.3211,          8347.8064,          6071.2053,        395879.7583,        403676.7502,        401774.3175,        402604.2522,        395215.2152,         13081.4986,          7848.8371,         11706.8748,          2244.8583,         12273.3271,          8851.8944,          5371.3986,         10752.5690,          8948.2591,          9302.2145,          7537.0757,         13383.4120,         10982.4325,         10121.5270,         12763.7559,          9338.4630,          9543.9555,        398086.2081,        406057.2627,        404105.9397,        404803.0263,        397342.5033,          9594.6476,          9219.1470,         13713.6838,          2301.3098,          7760.6560,         11514.9955,          9623.7850,         12456.9150,          9309.4617,         11009.1900,          1455.4005,          7842.3198,         11308.0100,          1016.4633,          9453.3698,          8324.6238,        390700.0845,        398474.8469,        396617.3779,        397417.7289,        390005.9014,         13808.1432,          8788.3096,          8117.3626,          7870.2059,          3416.0663,         13626.1469,         13035.9719,         12021.5230,          4569.8634,         10511.7448,          5680.9784,          9874.8017,          8966.8444,         12303.3933,         11113.5707,        398118.1284,        405946.8735,        404150.2387,        404818.0207,        397315.4449,         11338.9697,         10585.8224,         11207.2342,         13325.9506,          2541.5835,          5577.4712,          6868.8911,         12851.6748,          8175.0164,         12219.9584,          9897.1398,          9835.3209,          6134.8813,          8092.3595,        387270.1568,        395210.5981,        393204.3125,        394001.7502,        386612.5952,         13213.2268,         10575.5957,          5852.4689,         10741.5101,          7648.7186,         10253.5723,          7210.6057,         13831.1898,         10928.6929,          8776.3877,         13535.6174,         10109.3210,         10788.3256,        396759.9203,        404752.2712,        402811.4399,        403472.0837,        395989.2548,          6202.0071,         10441.4634,         10572.7994,         13259.0725,          9280.9971,         10407.6221,          3711.4752,          7621.0331,         11927.8772,          1292.3581,          9601.8008,          7944.9224,        392976.2682,        400743.9797,        398891.4111,        399693.4736,        392281.2316,          9225.1025,          9862.7443,         12761.8213,          6210.3757,         10928.1152,          8611.5368,         10809.1717,         13647.2346,          7059.2968,          6907.5265,          4498.9415,        397189.9670,        405031.6130,        403075.0150,        403921.0821,        396549.5567,         13120.6654,         11227.5923,         11967.9809,          3148.6413,         12115.5391,          6895.6942,          8489.2985,         11076.4134,         12096.5406,         11562.5928,        398091.8348,        405982.2477,        404157.0082,        404791.2578,        397273.4686,          6201.5067,          4642.7580,         13254.1226,          8837.6813,         13087.2423,         11283.8066,         10043.0466,          3834.9022,          6175.3635,        389113.9441,        397065.1049,        395017.4192,        395852.4475,        388491.8837,          9208.8218,         10708.5982,         11753.0256,         11976.6390,          7337.8739,         12847.3937,          8511.0622,         10589.1029,        389339.1916,        397346.9330,        395362.0475,        396058.9173,        388606.9888,         13093.6034,          9177.6382,         13281.6634,         13261.0668,          9272.8928,           860.7615,          1974.0548,        393235.0843,        401159.6570,        399099.1911,        399978.5310,        392645.0429,         11414.1718,          4726.5756,          6042.9582,         10770.3541,         13077.3606,         12826.4058,        395665.3342,        403542.2466,        401763.9052,        402356.1999,        394807.4550,          8273.6861,         10934.4298,          2451.6853,          9199.1522,          8462.9429,        389399.5059,        397187.1966,        395318.2608,        396118.3580,        388708.4655,          6665.0029,          7727.8799,         13288.1287,         12709.8357,        392962.8183,        400767.8322,        399029.4556,        399652.8162,        392117.0650,         11613.3772,         12877.1903,         13677.8386,        390013.0942,        397931.3727,        396127.6997,        396704.9036,        389153.2977,          9499.8847,          8116.9551,        391689.4831,        399459.6182,        397604.5339,        398407.0190,        390995.8190,          2761.9632,        392577.3081,        400511.4442,        398448.6284,        399320.2966,        391982.8571,        394190.7588,        402082.2301,        400046.0810,        400932.6790,        393599.1833,         10956.8495,          9896.8891,          6912.6951,          8271.1709,         10023.5773,          7494.4784,         13813.1364,          9472.2176,         17356.5635,         10023.5773,
   79200.000,   7955.5131,         11946.7958,          2776.4229,          5802.6590,          7616.9615,         13663.2359,          4372.5445,          7560.1196,         12773.8847,          8288.7453,         11417.3298,          9667.3340,          9206.0971,           916.4274,          9787.9263,          9512.6411,          3139.6850,         12896.6726,         11727.6558,        394780.5994,        396713.4208,        399284.3569,        398119.9397,        392106.2718,          7409.2559,          5613.6603,          2625.8471,         11766.2783,         10407.3722,          4541.1818,          7623.9777,          8138.6016,         11655.8373,         13035.4042,         11024.2726,          3575.0921,          8000.0013,          8428.1226,         10648.2114,          5503.7025,         11292.9370,          9607.0560,        389670.0841,        391476.6604,        394147.7451,        392927.3844,        386951.9024,         10558.1033,          9341.2078,         10618.7049,          4636.5491,         10678.2098,          7157.4975,          5658.0383,          9878.7809,          9098.0544,          7823.8240,          8059.2329,         12228.3653,         11165.3695,         12648.0670,         11113.0385,          5198.2324,          3705.2105,        394314.0445,        395999.9940,        398756.0028,        397490.3660,        391560.4930,          3486.9146,          8800.0536,         13031.1359,          2749.8907,          6515.1730,         11804.3776,          9155.3452,         12135.3191,          9790.5579,          7628.1626,          3136.2388,          9725.7381,         10369.6126,          1911.8645,         12591.4232,         10915.6415,        392790.8754,        394687.6483,        397312.2038,        396114.5868,        390081.4411,         11096.1617,         11948.2417,          2008.1653,          7782.6704,          9787.9172,         11235.4727,         13228.9957,         11221.6400,          4624.7690,          5755.1730,          8131.6450,          9864.7144,          3003.7376,         12446.3727,         10877.5783,        390156.3331,        392017.3217,        394644.0797,        393448.4792,        387458.6959,         11313.9077,         10676.9873,          6290.3861,         12950.9849,          1163.5047,          5263.6720,          3879.8624,         12907.8672,          8168.1102,         13106.8231,         12041.3581,          9872.6083,          8722.6133,          8148.1916,        401225.6260,        403072.3856,        405721.6406,        404513.1914,        398508.9590,         12794.0862,         10357.4671,          4299.4396,         10676.6270,          7886.8381,          9044.3029,          9521.9734,         13748.4228,         10419.0974,         11292.1516,         13173.7922,          3642.2717,          5671.3147,        396367.5166,        398049.0562,        400719.3619,        399513.1654,        393692.7792,          8450.2259,         10704.7208,         11020.6530,         13214.3586,         11492.3672,          5625.6914,          4110.5841,          7705.8816,          8922.6230,          1278.0823,         13113.8453,         11827.9920,        390871.0375,        392770.5913,        395350.4601,        394183.0520,        388201.9058,         11214.5099,          5769.3930,          8689.6111,          4761.7522,         10121.9196,          8287.1627,         12921.4625,         13458.4742,          8106.0762,          8591.8042,          5840.5524,        396360.3941,        398147.1304,        400912.0161,        399629.9604,        393561.7667,         12583.8323,         10801.2019,         11416.4941,          6136.3228,         12643.5579,          7314.7289,          9241.3956,         11419.4324,          7442.8026,          8354.1609,        392573.7618,        394293.0328,        396906.4090,        395734.9833,        389938.4830,          4690.6373,          2754.4909,         12885.0548,          8869.3496,         13388.9561,         12519.0912,         10306.0882,          7892.8997,          7178.8300,        401239.8141,        403062.8280,        405739.0300,        404514.5759,        398507.1925,          4448.2646,         13245.7271,         11734.1160,         12932.5831,         11930.3973,         12819.0038,          4926.7340,          6406.0979,        402334.2676,        404104.0523,        406750.8761,        405552.2700,        399647.1641,         12415.7451,         10268.2681,         13698.4500,         13379.2616,         11026.0773,          6006.0948,          4685.1010,        400479.4313,        402247.9010,        404981.7860,        403723.3625,        397714.2463,          8931.3250,          5430.7873,          8259.3562,          6729.4373,         11315.2756,         10686.4063,        389254.3330,        391065.9291,        393655.0730,        392490.3808,        386609.0113,          9163.4159,          8837.5734,          2916.0855,         13173.7553,         12181.0583,        394423.1513,        396364.8907,        398911.6500,        397762.8537,        391767.7181,          3338.3922,          8315.0696,         12231.8299,         12943.0529,        391442.4107,        393313.0398,        395755.6943,        394685.4881,        388908.2255,          9076.1761,         12433.0439,         13577.2078,        394208.3787,        396115.1971,        398507.9473,        397468.4342,        391705.5561,         13169.2929,         11867.2019,        391856.8152,        393770.0020,        396347.0825,        395180.2417,        389184.9677,          3475.7663,        399141.0667,        400834.3885,        403541.9664,        402309.2782,        396427.2934,        397757.8790,        399452.8708,        402227.1200,        400948.3661,        394983.3378,          8535.7776,          9634.6317,          6527.1130,          9162.1720,         11991.6631,          4543.4194,          9831.4814,          7567.5369,         18144.9093,         11991.6631,
   82800.000,   8240.2375,         12130.8860,          3678.7713,          7864.8223,          7943.4430,         13543.2624,          4416.9067,         12654.3073,         12745.1009,          9427.9309,         11436.6168,         12658.5452,          8495.0229,          1141.0231,          8346.8912,          2626.6936,          3216.1560,         13069.2543,         13673.1460,        404563.4838,        399879.5614,        406859.2084,        400340.0723,        399942.1211,         10718.0304,          5662.8875,          8230.7211,         13006.6185,         10460.4048,          4391.3247,         11878.0324,          8215.3126,         13576.9025,         13494.7321,         13498.3077,          6400.2843,          8169.9100,          1692.4336,          8403.6188,          5479.2431,         10177.8319,          9668.6119,        404714.9159,        400102.9726,        407090.9733,        400665.1409,        400099.5947,         11029.0266,          6664.3067,          9294.4731,          3955.9748,         12209.2995,          1831.0662,          4989.0985,          8948.5264,          6019.3277,          6695.4831,          6515.1984,         12605.0551,         11330.0038,         13087.9642,         12232.1707,          9558.3137,          6626.9079,        395621.6161,        391009.3619,        397877.3375,        391540.0586,        391120.3664,          5878.5837,          9925.1381,         12476.1404,          2971.3093,         12041.6072,         11073.4891,         11276.6179,         12216.8685,         13384.4589,          5824.4851,          4268.7725,          6420.8469,          5432.4339,          2410.7065,         12985.1939,         12686.1805,        405566.7024,        400914.2572,        407854.9208,        401408.1821,        400987.0211,          8866.9376,          9531.6935,          8256.2049,          7984.5983,          8700.1564,          9975.0799,          9313.6949,         11128.0369,          2426.5090,          8735.3691,          9414.5170,          9849.9041,          7969.1139,         12934.6654,         11049.6984,        401756.2612,        397124.8644,        403968.7801,        397622.2597,        397271.0071,         11294.4555,         11140.4062,          8717.5313,         12221.1030,          2112.1183,          5047.5428,          7192.1341,         10354.5339,          8310.7126,         13067.2138,          8602.6244,         10345.9298,         12109.1539,         12430.1900,        397137.5371,        392439.2307,        399380.2161,        392869.8428,        392551.7940,         12754.1215,          3973.3996,          2777.2230,         10451.1098,          7661.5404,          6527.4140,          8571.8123,         13711.6977,         10634.2119,         13811.4771,         13077.3319,          6543.6876,          2951.2053,        394572.4358,        389974.4709,        396909.4939,        390542.6307,        390012.5592,         13093.9189,         11157.8640,         12166.9541,         13256.7714,         13789.3725,          7588.8392,          4206.2092,          4456.8169,          4595.3269,          1253.9864,         11862.4545,         12267.5438,        405944.7008,        401293.9808,        408295.8629,        401806.3674,        401308.7990,          5854.1347,          8006.3819,          4678.5261,          5130.4027,          8076.1251,         13058.9266,         12290.2543,         13410.7107,         13049.5190,          9167.2769,          6636.9551,        394112.0780,        389490.7456,        396374.1787,        390013.2166,        389595.5316,         11758.0118,          9498.3918,          8690.2972,          7124.6815,         12898.7744,          8533.7283,         13061.1336,         11678.2399,          6813.9789,          3146.2753,        397078.8818,        392491.3311,        399429.0689,        393074.2035,        392517.3868,          3759.4854,          5440.3416,         11181.7549,          9634.2231,         13487.0631,          9680.1653,         11522.5835,         10996.2136,         11510.5465,        395310.7158,        390615.6107,        397576.7617,        391056.2317,        390707.8117,          3155.7502,         10231.1704,         11760.6423,         13602.8638,         11947.3934,         12860.5480,         10017.3010,          9378.8632,        393519.6980,        388854.4119,        395775.5272,        389326.1646,        388960.2878,         11437.2795,         12732.9746,         13302.1385,         12591.7229,         13615.1994,          7641.5163,          7569.8540,        392257.8407,        387601.6355,        394576.8513,        388100.4561,        387650.9082,          9167.0564,          7721.5701,         10104.9259,          7679.5072,         11846.3541,          9723.8382,        402132.8614,        397518.5607,        404383.6707,        398045.2060,        397631.2553,          8050.4599,          1512.7150,          3103.1499,         12682.0822,         13609.5519,        404582.8779,        399896.8960,        406901.7244,        400361.1556,        399937.8947,          7975.0015,          5609.1461,          9294.1109,          9437.0275,        404357.0441,        399739.7459,        406764.2951,        400304.0797,        399707.1108,          3767.2839,         12061.3425,         13437.3410,        404189.7385,        399500.4541,        406537.6254,        399968.5802,        399514.4142,         12346.9837,         12787.5250,        405840.8263,        401180.5882,        408174.0314,        401677.5999,        401210.9117,          4168.8175,        395396.3725,        390774.8498,        397855.9089,        391348.5602,        390696.8716,        395225.9993,        390630.4806,        397626.1378,        391217.7548,        390610.3445,          5948.9558,          9031.8773,          9454.9486,          9624.1238,         11342.9670,          5012.7464,          7880.3327,         11440.1230,         17993.9296,         11342.9670,
   86400.000,   7343.8271,         13378.1008,          3076.7117,         12011.2877,          8020.4274,         13729.4469,          4292.2753,         13305.0297,         13332.6686,          9482.2083,         11441.3634,         12009.1491,         12747.3315,           890.2670,          8711.2306,          6335.8442,          3142.1031,          9189.0646,         10834.7274,        395202.7068,        388268.1413,        395676.0248,        386080.8218,        389341.8046,         12755.8210,          5538.5653,         10483.5983,         12522.7445,         12024.1955,          3386.1739,          9309.7587,         11537.5387,         12464.4318,         13835.7646,         10798.4899,         10982.8266,          6789.4922,          6259.4664,         11507.1143,          4536.8046,          8138.9333,          6151.3544,        400057.0970,        393121.5386,        400466.5032,        390860.0843,        394241.0587,         13558.1499,          7648.2923,          9388.8003,          2868.4010,         13556.6962,          6197.8120,          3566.9493,          8261.2251,          5338.3663,          6659.9503,          5424.8786,         13455.2798,         11483.5263,         10981.8558,         13639.2949,         10190.2287,          9892.9025,        407345.6680,        400436.6189,        407925.2561,        398235.2758,        401381.3388,         10618.7204,         10222.1625,         13258.0048,          2539.0629,         12539.0661,         12703.4896,         11488.0706,         12525.3504,         12795.1831,         11754.2782,          3119.1041,          6225.3715,          7470.0393,          1769.6927,         10174.5484,         10384.9077,        395725.0848,        388800.8557,        396197.7329,        386549.3105,        389853.9800,         12235.2442,          5536.4921,         11188.9525,          7916.6008,          4653.5294,         12706.3361,          9413.9953,         11940.5068,          2515.9747,         12256.5011,          5776.0315,          9817.1521,         11407.7764,         13199.8617,         11252.4560,        403722.3570,        396842.1734,        404324.7577,        394496.3762,        397714.7545,         11259.5689,         11016.3471,         12682.8627,         11330.0042,          3034.0359,          5370.4922,          9007.9792,         11739.6563,          8327.4203,         12715.5308,          5779.1939,         10308.9962,          8949.8798,         12127.3865,        399262.9819,        392331.5257,        399814.8112,        390236.1571,        393344.9429,         13217.0360,          5052.3556,           901.9478,         10499.2745,          7364.0652,          8261.5115,          3046.4208,         13802.0735,          9928.3039,         11587.1580,         13466.1999,         11266.5038,          9746.8476,        407622.6615,        400723.8124,        408205.0429,        398462.7117,        401645.6859,         11538.2575,         12717.1548,         11648.2431,         13292.8802,         11825.6181,         12004.7233,          3775.0023,          6639.7626,          9388.7143,          1203.8551,          8746.1717,          8531.5424,        397101.1107,        390166.0584,        397530.7617,        387926.0088,        391270.9221,          5087.8122,         11294.7111,         10599.2712,          6577.7645,          6181.1418,         13055.2119,          9640.0168,         13557.5376,         12155.7627,          8732.2344,          5567.4349,        408227.7334,        401305.9570,        408714.2340,        399057.1656,        402340.0082,         10761.2105,          7593.9178,          8694.3855,          2160.8767,         13421.6542,          9123.0483,         11231.2572,         12979.8877,         11381.3027,          9692.5972,        407056.9545,        400160.6609,        407640.0628,        397884.9726,        401077.1024,          5599.6709,          6482.1834,         11673.2199,          9527.7310,         13517.7719,          8386.8839,         11186.3746,          7106.2278,         10618.4089,        401770.1721,        394827.9911,        402290.6553,        392757.9153,        395884.2041,          8697.5909,          8316.9537,         11779.4471,         12317.1275,          7392.7073,         12900.1885,         10910.9509,         12480.2476,        403155.8468,        396247.9043,        403771.3550,        394092.7475,        397168.3835,         10214.1501,         11687.6773,         12974.2566,         12560.0682,         12024.8008,          4623.8998,          6045.7661,        406663.2785,        399713.6626,        407122.0637,        397603.1650,        400824.7795,         12907.5083,          7520.1508,         10543.7412,         12261.1397,         12229.1123,         10326.2072,        405669.5851,        398781.7096,        406263.7092,        396470.2722,        399674.3628,          8812.2406,          7097.0543,          2679.0189,          8616.1496,         10260.3568,        395533.3764,        388594.4494,        395990.0024,        386412.3669,        389688.5375,          9462.8846,          7056.2146,         12138.5537,         10065.0355,        399848.8724,        392952.6539,        400373.3483,        390601.2684,        393912.8032,          8532.3829,         11977.9629,         13559.4753,        396387.3842,        389482.6772,        396983.3171,        387277.1385,        390411.2850,          8944.9800,          9282.1458,        396315.2117,        389380.5945,        396756.2206,        387151.9792,        390476.7184,          4854.3970,        403164.5828,        396201.6339,        403565.8302,        394099.4308,        397381.5005,        405289.9110,        398340.4287,        405687.5936,        396148.3954,        399494.1807,          7370.0671,          7974.1601,         11502.3618,          9774.6323,          9487.7993,          8939.4935,         10151.5484,         14598.1962,         16896.0042,          9487.7993,
