
SOAP Analysis Report Output for starlink_starlink_40_sats_3.orb,
Generated: Thu Dec 15 21:20:39 2022,
Start: 2022/04/30 01:42:00.00, Stop: 2022/05/01 01:42:00.00,
Samples: 25, Step: 3600.000000 s, System: UTC,
TIME_UNITS,      ,,
SECONDS,
Analysis,STARLINK-2196 - STARLINK-3324,
       Rise,         Set, Duration (s),
Is_True,           0.0000%,
Analysis,STARLINK-2196 - STARLINK-1557,
       Rise,         Set, Duration (s),
     536.758,    7582.672,    7045.914,
   17734.026,   21920.219,    4186.193,
   32057.779,   39117.579,    7059.801,
   46396.136,   53442.262,    7046.125,
   60719.867,   67779.840,    7059.973,
   75058.244,   82104.495,    7046.251,
Is_True,          45.6531%,
Analysis,STARLINK-2196 - STARLINK-2709,
       Rise,         Set, Duration (s),
Is_True,           0.0000%,
Analysis,STARLINK-2196 - STARLINK-2346,
       Rise,         Set, Duration (s),
Is_True,           0.0000%,
Analysis,STARLINK-2196 - STARLINK-3228,
       Rise,         Set, Duration (s),
Is_True,           0.0000%,
Analysis,STARLINK-2196 - STARLINK-2122,
       Rise,         Set, Duration (s),
       0.000,     524.051,     524.051,
   13916.386,   14853.629,     937.242,
   28245.898,   29186.484,     940.586,
   42578.762,   43516.048,     937.286,
   56908.260,   57848.905,     940.645,
   68373.202,   72178.455,    3805.253,
   82706.069,   86400.000,    3693.931,
Is_True,          13.6331%,
Analysis,STARLINK-2196 - STARLINK-3400,
       Rise,         Set, Duration (s),
    4057.954,   11245.910,    7187.955,
   18400.147,   28400.106,    9999.960,
   35601.242,   42685.120,    7083.879,
   49927.119,   56985.244,    7058.124,
   64275.445,   71266.445,    6991.000,
   78604.548,   79848.576,    1244.029,
Is_True,          45.7928%,
Analysis,STARLINK-2196 - STARLINK-3701,
       Rise,         Set, Duration (s),
    6597.032,    7263.545,     666.514,
   17740.503,   18637.708,     897.205,
   31806.291,   32722.185,     915.894,
   43171.315,   43883.987,     712.672,
Is_True,           3.6948%,
Analysis,STARLINK-2196 - STARLINK-2524,
       Rise,         Set, Duration (s),
Is_True,           0.0000%,
Analysis,STARLINK-2196 - STARLINK-3458,
       Rise,         Set, Duration (s),
   67634.911,   68735.689,    1100.779,
   78919.339,   79727.831,     808.492,
Is_True,           2.2098%,
Analysis,STARLINK-2196 - STARLINK-1115,
       Rise,         Set, Duration (s),
Is_True,           0.0000%,
Analysis,STARLINK-2196 - STARLINK-3281,
       Rise,         Set, Duration (s),
       0.000,   86400.000,   86400.000,
Is_True,         100.0000%,
Analysis,STARLINK-2196 - STARLINK-3052,
       Rise,         Set, Duration (s),
       0.000,     393.868,     393.868,
   13967.662,   14775.863,     808.201,
   28336.303,   29158.313,     822.009,
   42706.812,   43538.421,     831.610,
   57078.046,   57918.236,     840.190,
   71450.547,   72296.419,     845.873,
   85824.389,   86400.000,     575.611,
Is_True,           5.9229%,
Analysis,STARLINK-2196 - STARLINK-1395,
       Rise,         Set, Duration (s),
       0.000,     626.577,     626.577,
   14108.342,   14958.066,     849.724,
   28440.279,   29288.418,     848.139,
   42770.622,   43619.907,     849.285,
   57102.555,   57950.259,     847.705,
   71432.894,   72281.748,     848.854,
   85764.822,   86400.000,     635.178,
Is_True,           6.3721%,
Analysis,STARLINK-2196 - STARLINK-2109,
       Rise,         Set, Duration (s),
Is_True,           0.0000%,
Analysis,STARLINK-2196 - STARLINK-1627,
       Rise,         Set, Duration (s),
Is_True,           0.0000%,
Analysis,STARLINK-2196 - STARLINK-1270,
       Rise,         Set, Duration (s),
       0.000,     506.233,     506.233,
   14001.016,   14834.628,     833.612,
   28328.758,   29168.571,     839.813,
   42662.647,   43496.950,     834.303,
   56990.381,   57830.898,     840.518,
   71324.281,   72159.260,     834.979,
   82788.936,   86400.000,    3611.064,
Is_True,           9.6071%,
Analysis,STARLINK-2196 - STARLINK-2134,
       Rise,         Set, Duration (s),
       0.000,     122.088,     122.088,
   13716.166,   14450.281,     734.115,
   25181.074,   25914.783,     733.709,
   39510.153,   40247.867,     737.714,
   53843.341,   54576.046,     732.704,
   68172.401,   68909.150,     736.749,
   82505.602,   83237.319,     731.717,
Is_True,           5.2417%,
Analysis,STARLINK-2196 - STARLINK-3527,
       Rise,         Set, Duration (s),
   10109.796,   11082.819,     973.023,
Is_True,           1.1262%,
Analysis,STARLINK-2196 - STARLINK-2336,
       Rise,         Set, Duration (s),
    3833.074,   14139.192,   10306.118,
   18177.616,   28479.015,   10301.399,
   32495.968,   42800.929,   10304.961,
   49693.694,   57140.807,    7447.113,
   58305.698,   71462.670,   13156.971,
   72623.985,   85802.605,   13178.620,
Is_True,          74.8787%,
Analysis,STARLINK-2196 - STARLINK-3528,
       Rise,         Set, Duration (s),
   10150.029,   11040.774,     890.745,
   24489.196,   25348.266,     859.070,
   35954.979,   39669.615,    3714.636,
   50279.930,   51120.709,     840.779,
   64620.393,   65426.661,     806.269,
   78945.766,   79747.250,     801.484,
Is_True,           9.1585%,
Analysis,STARLINK-2196 - STARLINK-3716,
       Rise,         Set, Duration (s),
   32199.879,   33031.167,     831.288,
   46228.538,   47168.810,     940.272,
   57546.217,   58388.730,     842.513,
   71843.481,   72271.611,     428.131,
Is_True,           3.5211%,
Analysis,STARLINK-2196 - STARLINK-1649,
       Rise,         Set, Duration (s),
     356.959,   10500.289,   10143.330,
   14670.764,   24818.539,   10147.775,
   31868.216,   39163.443,    7295.227,
   46216.864,   53481.622,    7264.758,
   60530.630,   67826.564,    7295.934,
   69146.809,   82144.671,   12997.862,
   83460.556,   86400.000,    2939.444,
Is_True,          67.2272%,
Analysis,STARLINK-2196 - STARLINK-1052,
       Rise,         Set, Duration (s),
       0.000,   86400.000,   86400.000,
Is_True,         100.0000%,
Analysis,STARLINK-2196 - STARLINK-3524,
       Rise,         Set, Duration (s),
Is_True,           0.0000%,
Analysis,STARLINK-2196 - STARLINK-2325,
       Rise,         Set, Duration (s),
Is_True,           0.0000%,
Analysis,STARLINK-2196 - STARLINK-2451,
       Rise,         Set, Duration (s),
Is_True,           0.0000%,
Analysis,STARLINK-2196 - STARLINK-24,
       Rise,         Set, Duration (s),
Is_True,           0.0000%,
Analysis,STARLINK-2196 - STARLINK-1998,
       Rise,         Set, Duration (s),
Is_True,           0.0000%,
Analysis,STARLINK-2196 - STARLINK-1846,
       Rise,         Set, Duration (s),
Is_True,           0.0000%,
Analysis,STARLINK-2196 - STARLINK-1197,
       Rise,         Set, Duration (s),
    3358.945,    3658.092,     299.147,
Is_True,           0.3462%,
Analysis,STARLINK-2196 - STARLINK-1551,
       Rise,         Set, Duration (s),
Is_True,           0.0000%,
Analysis,STARLINK-2196 - STARLINK-3814,
       Rise,         Set, Duration (s),
   40903.198,   55893.189,   14989.991,
Is_True,          17.3495%,
Analysis,STARLINK-2196 - STARLINK-2645,
       Rise,         Set, Duration (s),
Is_True,           0.0000%,
Analysis,STARLINK-2196 - STARLINK-1647,
       Rise,         Set, Duration (s),
       0.000,     240.364,     240.364,
   13827.473,   14565.029,     737.556,
   28151.818,   28902.986,     751.168,
   42490.695,   43227.614,     736.919,
   53955.974,   54692.643,     736.669,
   68280.256,   69030.633,     750.377,
   82619.151,   83355.207,     736.057,
Is_True,           5.4272%,
Analysis,STARLINK-2196 - STARLINK-3087,
       Rise,         Set, Duration (s),
   39136.906,   39605.992,     469.085,
   53498.110,   54022.923,     524.812,
   67854.131,   68445.655,     591.524,
   82221.705,   82855.959,     634.254,
Is_True,           2.5691%,
Analysis,STARLINK-2196 - STARLINK-2214,
       Rise,         Set, Duration (s),
Is_True,           0.0000%,
Analysis,STARLINK-2196 - STARLINK-3567,
       Rise,         Set, Duration (s),
   28736.999,   29232.955,     495.956,
   42602.094,   43422.872,     820.777,
   53820.095,   54651.886,     831.791,
   67989.524,   68549.991,     560.467,
Is_True,           3.1354%,
Analysis,STARLINK-2196 - STARLINK-3596,
       Rise,         Set, Duration (s),
       0.000,     169.243,     169.243,
   10502.426,   11484.870,     982.444,
   24636.192,   25341.029,     704.837,
Is_True,           2.1488%,
Analysis,STARLINK-2196 - IOAG-Equatorial,
       Rise,         Set, Duration (s),
       0.000,    1519.127,    1519.127,
    5625.151,   13389.545,    7764.393,
   15413.271,   24871.671,    9458.399,
   26899.377,   30609.660,    3710.283,
   32641.098,   42102.607,    9461.508,
   49914.547,   53609.462,    3694.915,
   55674.361,   59357.033,    3682.672,
   61425.317,   70835.230,    9409.914,
   72906.223,   82318.594,    9412.371,
   84401.078,   86400.000,    1998.922,
Is_True,          69.5747%,
Analysis,STARLINK-2196 - IOAG-North1,
       Rise,         Set, Duration (s),
       0.000,    1882.862,    1882.862,
    3879.079,   13389.838,    9510.759,
   15396.197,   24886.895,    9490.697,
   26911.523,   30629.396,    3717.873,
   32663.999,   42105.267,    9441.268,
   44148.912,   53609.243,    9460.331,
   55659.277,   59358.868,    3699.592,
   61415.026,   70850.252,    9435.226,
   72921.712,   82323.174,    9401.462,
   84405.977,   86400.000,    1994.023,
Is_True,          78.7432%,
Analysis,STARLINK-2196 - IOAG-North2,
       Rise,         Set, Duration (s),
       0.000,    1901.405,    1901.405,
    3898.803,   13382.172,    9483.368,
   15397.782,   24871.697,    9473.915,
   26893.555,   30624.626,    3731.071,
   32650.664,   42124.183,    9473.519,
   44164.605,   53610.389,    9445.784,
   55668.105,   59342.724,    3674.620,
   61405.274,   70841.315,    9436.041,
   72908.700,   82340.119,    9431.420,
   84417.485,   86400.000,    1982.515,
Is_True,          78.7427%,
Analysis,STARLINK-2196 - IOAG-South1,
       Rise,         Set, Duration (s),
       0.000,    1876.016,    1876.016,
    3885.023,   13353.021,    9467.998,
   15377.753,   24847.647,    9469.894,
   26882.920,   30603.327,    3720.407,
   32644.203,   42109.378,    9465.175,
   44158.384,   53580.778,    9422.394,
   55644.431,   59322.366,    3677.935,
   61391.225,   70818.518,    9427.293,
   72896.626,   82334.352,    9437.726,
   84418.131,   86400.000,    1981.869,
Is_True,          78.6420%,
Analysis,STARLINK-2196 - IOAG-South2,
       Rise,         Set, Duration (s),
       0.000,    1858.864,    1858.864,
    3870.074,   13199.050,    9328.977,
   15401.172,   24860.629,    9459.457,
   26894.923,   30597.603,    3702.680,
   32639.441,   42084.028,    9444.587,
   44136.880,   53590.572,    9453.692,
   55654.418,   59353.555,    3699.137,
   61418.564,   70823.986,    9405.422,
   72901.761,   82304.368,    9402.606,
   84392.126,   86400.000,    2007.874,
Is_True,          78.4297%,
Analysis,STARLINK-3324 - STARLINK-1557,
       Rise,         Set, Duration (s),
Is_True,           0.0000%,
Analysis,STARLINK-3324 - STARLINK-2709,
       Rise,         Set, Duration (s),
      28.574,   10762.935,   10734.361,
   11497.991,   25090.344,   13592.353,
   25850.870,   39399.651,   13548.781,
   40171.925,   53726.736,   13554.811,
   54525.025,   68035.098,   13510.073,
   68846.441,   82361.846,   13515.405,
   83199.798,   86400.000,    3200.202,
Is_True,          94.5092%,
Analysis,STARLINK-3324 - STARLINK-2346,
       Rise,         Set, Duration (s),
Is_True,           0.0000%,
Analysis,STARLINK-3324 - STARLINK-3228,
       Rise,         Set, Duration (s),
       0.000,   86400.000,   86400.000,
Is_True,         100.0000%,
Analysis,STARLINK-3324 - STARLINK-2122,
       Rise,         Set, Duration (s),
Is_True,           0.0000%,
Analysis,STARLINK-3324 - STARLINK-3400,
       Rise,         Set, Duration (s),
Is_True,           0.0000%,
Analysis,STARLINK-3324 - STARLINK-3701,
       Rise,         Set, Duration (s),
   75508.751,   75918.556,     409.805,
   83618.009,   86400.000,    2781.991,
Is_True,           3.6942%,
Analysis,STARLINK-3324 - STARLINK-2524,
       Rise,         Set, Duration (s),
Is_True,           0.0000%,
Analysis,STARLINK-3324 - STARLINK-3458,
       Rise,         Set, Duration (s),
       0.000,      27.270,      27.270,
   10427.606,   11236.961,     809.355,
Is_True,           0.9683%,
Analysis,STARLINK-3324 - STARLINK-1115,
       Rise,         Set, Duration (s),
   68354.920,   68744.712,     389.792,
   82682.552,   83071.333,     388.781,
Is_True,           0.9011%,
Analysis,STARLINK-3324 - STARLINK-3281,
       Rise,         Set, Duration (s),
Is_True,           0.0000%,
Analysis,STARLINK-3324 - STARLINK-3052,
       Rise,         Set, Duration (s),
Is_True,           0.0000%,
Analysis,STARLINK-3324 - STARLINK-1395,
       Rise,         Set, Duration (s),
Is_True,           0.0000%,
Analysis,STARLINK-3324 - STARLINK-2109,
       Rise,         Set, Duration (s),
Is_True,           0.0000%,
Analysis,STARLINK-3324 - STARLINK-1627,
       Rise,         Set, Duration (s),
Is_True,           0.0000%,
Analysis,STARLINK-3324 - STARLINK-1270,
       Rise,         Set, Duration (s),
Is_True,           0.0000%,
Analysis,STARLINK-3324 - STARLINK-2134,
       Rise,         Set, Duration (s),
Is_True,           0.0000%,
Analysis,STARLINK-3324 - STARLINK-3527,
       Rise,         Set, Duration (s),
   53821.319,   54544.148,     722.829,
   67882.516,   68747.438,     864.923,
   79177.988,   82893.961,    3715.973,
Is_True,           6.1386%,
Analysis,STARLINK-3324 - STARLINK-2336,
       Rise,         Set, Duration (s),
Is_True,           0.0000%,
Analysis,STARLINK-3324 - STARLINK-3528,
       Rise,         Set, Duration (s),
Is_True,           0.0000%,
Analysis,STARLINK-3324 - STARLINK-3716,
       Rise,         Set, Duration (s),
Is_True,           0.0000%,
Analysis,STARLINK-3324 - STARLINK-1649,
       Rise,         Set, Duration (s),
Is_True,           0.0000%,
Analysis,STARLINK-3324 - STARLINK-1052,
       Rise,         Set, Duration (s),
Is_True,           0.0000%,
Analysis,STARLINK-3324 - STARLINK-3524,
       Rise,         Set, Duration (s),
       0.000,      28.953,      28.953,
   10546.956,   11484.880,     937.924,
   24864.741,   25806.529,     941.789,
   39186.136,   40124.260,     938.125,
   53503.727,   54445.634,     941.906,
   67824.973,   68763.024,     938.051,
   82142.367,   83084.125,     941.759,
Is_True,           6.5608%,
Analysis,STARLINK-3324 - STARLINK-2325,
       Rise,         Set, Duration (s),
    6796.136,    7665.652,     869.516,
   21129.155,   21976.951,     847.796,
   35446.095,   36303.850,     857.754,
   49778.871,   50615.291,     836.420,
   64095.347,   64942.566,     847.219,
   75554.840,   79254.176,    3699.336,
Is_True,           9.2107%,
Analysis,STARLINK-3324 - STARLINK-2451,
       Rise,         Set, Duration (s),
       0.000,   86400.000,   86400.000,
Is_True,         100.0000%,
Analysis,STARLINK-3324 - STARLINK-24,
       Rise,         Set, Duration (s),
       0.000,   39088.873,   39088.873,
   39810.062,   47230.048,    7419.986,
Is_True,          53.8297%,
Analysis,STARLINK-3324 - STARLINK-1998,
       Rise,         Set, Duration (s),
Is_True,           0.0000%,
Analysis,STARLINK-3324 - STARLINK-1846,
       Rise,         Set, Duration (s),
   53965.464,   54363.015,     397.551,
   68306.587,   68677.130,     370.542,
   82633.496,   83004.383,     370.888,
Is_True,           1.3183%,
Analysis,STARLINK-3324 - STARLINK-1197,
       Rise,         Set, Duration (s),
Is_True,           0.0000%,
Analysis,STARLINK-3324 - STARLINK-1551,
       Rise,         Set, Duration (s),
Is_True,           0.0000%,
Analysis,STARLINK-3324 - STARLINK-3814,
       Rise,         Set, Duration (s),
    6826.756,   13729.118,    6902.362,
   14983.968,   18791.353,    3807.385,
   78497.900,   79756.814,    1258.914,
Is_True,          13.8526%,
Analysis,STARLINK-3324 - STARLINK-2645,
       Rise,         Set, Duration (s),
Is_True,           0.0000%,
Analysis,STARLINK-3324 - STARLINK-1647,
       Rise,         Set, Duration (s),
Is_True,           0.0000%,
Analysis,STARLINK-3324 - STARLINK-3087,
       Rise,         Set, Duration (s),
       0.000,    3689.819,    3689.819,
   14310.621,   18075.860,    3765.238,
   28699.089,   32451.985,    3752.896,
   43097.079,   46831.170,    3734.090,
   57492.056,   58329.141,     837.085,
   71897.464,   72694.103,     796.639,
   86299.292,   86400.000,     100.708,
Is_True,          19.3015%,
Analysis,STARLINK-3324 - STARLINK-2214,
       Rise,         Set, Duration (s),
       0.000,   86400.000,   86400.000,
Is_True,         100.0000%,
Analysis,STARLINK-3324 - STARLINK-3567,
       Rise,         Set, Duration (s),
   85907.324,   86400.000,     492.676,
Is_True,           0.5702%,
Analysis,STARLINK-3324 - STARLINK-3596,
       Rise,         Set, Duration (s),
   42679.034,   43281.557,     602.522,
   53778.895,   54576.987,     798.092,
   67803.108,   68544.640,     741.532,
   79166.151,   79578.356,     412.205,
Is_True,           2.9564%,
Analysis,STARLINK-3324 - IOAG-Equatorial,
       Rise,         Set, Duration (s),
    6917.706,   10511.060,    3593.354,
   12668.205,   16258.166,    3589.961,
   18411.517,   27732.700,    9321.183,
   29883.321,   39216.714,    9333.393,
   41370.139,   44970.090,    3599.951,
   49541.855,   56478.989,    6937.134,
   58624.825,   67961.110,    9336.285,
   70100.982,   73696.693,    3595.711,
   75836.963,   85186.806,    9349.843,
Is_True,          67.8898%,
Analysis,STARLINK-3324 - IOAG-North1,
       Rise,         Set, Duration (s),
    1162.066,   10499.666,    9337.600,
   12659.975,   16249.491,    3589.516,
   18408.421,   27746.392,    9337.971,
   29900.039,   39223.114,    9323.075,
   41372.998,   44966.962,    3593.964,
   47120.033,   56465.645,    9345.612,
   58617.178,   67964.858,    9347.681,
   70110.963,   73712.569,    3601.606,
   75853.720,   85189.504,    9335.784,
Is_True,          77.3296%,
Analysis,STARLINK-3324 - IOAG-North2,
       Rise,         Set, Duration (s),
    1177.496,   10509.324,    9331.828,
   12662.844,   16243.126,    3580.282,
   18395.175,   27732.436,    9337.261,
   29889.859,   39232.051,    9342.192,
   41386.671,   44981.262,    3594.591,
   47133.243,   56471.730,    9338.488,
   58612.116,   67951.034,    9338.918,
   70099.047,   73700.098,    3601.051,
   75847.573,   85200.049,    9352.477,
Is_True,          77.3346%,
Analysis,STARLINK-3324 - IOAG-South1,
       Rise,         Set, Duration (s),
    1164.529,   10485.495,    9320.967,
   12638.811,   16227.220,    3588.409,
   18380.594,   27720.942,    9340.348,
   29876.265,   33476.250,    3599.985,
   41382.375,   44972.530,    3590.155,
   47117.060,   56450.816,    9333.756,
   58593.505,   67940.157,    9346.652,
   70083.546,   73691.304,    3607.758,
   75837.080,   85201.434,    9364.353,
Is_True,          70.7088%,
Analysis,STARLINK-3324 - IOAG-South2,
       Rise,         Set, Duration (s),
    1147.501,   10491.059,    9343.558,
   18406.117,   27727.999,    9321.882,
   29876.954,   39209.967,    9333.013,
   41358.412,   44955.540,    3597.128,
   47104.572,   56463.148,    9358.576,
   58617.139,   67955.518,    9338.378,
   70093.690,   73694.287,    3600.597,
   75831.057,   85178.942,    9347.885,
Is_True,          73.1956%,
Analysis,STARLINK-1557 - STARLINK-2709,
       Rise,         Set, Duration (s),
Is_True,           0.0000%,
Analysis,STARLINK-1557 - STARLINK-2346,
       Rise,         Set, Duration (s),
    7186.388,   10989.726,    3803.339,
   21515.251,   25318.674,    3803.423,
   35848.055,   39651.408,    3803.353,
   50176.915,   51116.083,     939.168,
   64509.729,   65445.024,     935.296,
   78838.585,   79777.772,     939.188,
Is_True,          16.4627%,
Analysis,STARLINK-1557 - STARLINK-3228,
       Rise,         Set, Duration (s),
Is_True,           0.0000%,
Analysis,STARLINK-1557 - STARLINK-2122,
       Rise,         Set, Duration (s),
Is_True,           0.0000%,
Analysis,STARLINK-1557 - STARLINK-3400,
       Rise,         Set, Duration (s),
    7027.746,    7316.144,     288.398,
   21367.740,   21604.543,     236.804,
Is_True,           0.6079%,
Analysis,STARLINK-1557 - STARLINK-3701,
       Rise,         Set, Duration (s),
       0.000,   35001.410,   35001.410,
Is_True,          40.5109%,
Analysis,STARLINK-1557 - STARLINK-2524,
       Rise,         Set, Duration (s),
Is_True,           0.0000%,
Analysis,STARLINK-1557 - STARLINK-3458,
       Rise,         Set, Duration (s),
   39507.181,   40165.701,     658.521,
   53380.010,   54152.825,     772.816,
   64673.973,   65155.163,     481.190,
Is_True,           2.2136%,
Analysis,STARLINK-1557 - STARLINK-1115,
       Rise,         Set, Duration (s),
Is_True,           0.0000%,
Analysis,STARLINK-1557 - STARLINK-3281,
       Rise,         Set, Duration (s),
    6486.723,    7405.196,     918.473,
   17947.141,   21717.056,    3769.915,
   32267.766,   36017.607,    3749.841,
   46600.010,   47461.917,     861.907,
   60921.741,   61772.487,     850.747,
   75255.625,   76070.952,     815.327,
Is_True,          12.6924%,
Analysis,STARLINK-1557 - STARLINK-3052,
       Rise,         Set, Duration (s),
Is_True,           0.0000%,
Analysis,STARLINK-1557 - STARLINK-1395,
       Rise,         Set, Duration (s),
Is_True,           0.0000%,
Analysis,STARLINK-1557 - STARLINK-2109,
       Rise,         Set, Duration (s),
    3153.382,    4031.901,     878.519,
   17503.074,   18345.837,     842.763,
   31815.057,   32693.640,     878.583,
   46164.805,   47007.518,     842.713,
   60476.736,   61355.385,     878.649,
   71941.409,   75669.205,    3727.796,
   86291.236,   86400.000,     108.764,
Is_True,           9.4419%,
Analysis,STARLINK-1557 - STARLINK-1627,
       Rise,         Set, Duration (s),
    7138.354,   10911.900,    3773.546,
   21466.021,   25239.719,    3773.698,
   35800.297,   36704.437,     904.140,
   50127.952,   51038.430,     910.478,
   64462.238,   65366.234,     903.996,
   78789.881,   79700.241,     910.359,
Is_True,          12.9354%,
Analysis,STARLINK-1557 - STARLINK-1270,
       Rise,         Set, Duration (s),
   10708.257,   11421.130,     712.873,
   25032.745,   25757.526,     724.781,
   39369.999,   40082.398,     712.399,
   53694.467,   54418.824,     724.357,
   68031.746,   68743.675,     711.929,
   82356.194,   83080.131,     723.937,
Is_True,           4.9887%,
Analysis,STARLINK-1557 - STARLINK-2134,
       Rise,         Set, Duration (s),
Is_True,           0.0000%,
Analysis,STARLINK-1557 - STARLINK-3527,
       Rise,         Set, Duration (s),
Is_True,           0.0000%,
Analysis,STARLINK-1557 - STARLINK-2336,
       Rise,         Set, Duration (s),
    6853.465,    7289.685,     436.220,
   21179.126,   21626.406,     447.280,
Is_True,           1.0226%,
Analysis,STARLINK-1557 - STARLINK-3528,
       Rise,         Set, Duration (s),
Is_True,           0.0000%,
Analysis,STARLINK-1557 - STARLINK-3716,
       Rise,         Set, Duration (s),
   17515.739,   55194.473,   37678.734,
Is_True,          43.6096%,
Analysis,STARLINK-1557 - STARLINK-1649,
       Rise,         Set, Duration (s),
       0.000,   86400.000,   86400.000,
Is_True,         100.0000%,
Analysis,STARLINK-1557 - STARLINK-1052,
       Rise,         Set, Duration (s),
     763.673,    7699.434,    6935.761,
   14998.609,   22065.026,    7066.417,
   29264.996,   36402.023,    7137.027,
   43512.761,   53612.530,   10099.769,
   60631.504,   67958.307,    7326.803,
   74913.844,   82278.675,    7364.832,
   83468.674,   86400.000,    2931.326,
Is_True,          56.5532%,
Analysis,STARLINK-1557 - STARLINK-3524,
       Rise,         Set, Duration (s),
Is_True,           0.0000%,
Analysis,STARLINK-1557 - STARLINK-2325,
       Rise,         Set, Duration (s),
Is_True,           0.0000%,
Analysis,STARLINK-1557 - STARLINK-2451,
       Rise,         Set, Duration (s),
Is_True,           0.0000%,
Analysis,STARLINK-1557 - STARLINK-24,
       Rise,         Set, Duration (s),
Is_True,           0.0000%,
Analysis,STARLINK-1557 - STARLINK-1998,
       Rise,         Set, Duration (s),
Is_True,           0.0000%,
Analysis,STARLINK-1557 - STARLINK-1846,
       Rise,         Set, Duration (s),
Is_True,           0.0000%,
Analysis,STARLINK-1557 - STARLINK-1197,
       Rise,         Set, Duration (s),
       0.000,    6517.601,    6517.601,
   13849.722,   15122.248,    1272.527,
   28187.249,   29446.772,    1259.522,
   42511.164,   43783.736,    1272.572,
   51116.420,   58108.245,    6991.825,
   65440.325,   72445.234,    7004.909,
   79777.892,   86400.000,    6622.108,
Is_True,          35.8114%,
Analysis,STARLINK-1557 - STARLINK-1551,
       Rise,         Set, Duration (s),
Is_True,           0.0000%,
Analysis,STARLINK-1557 - STARLINK-3814,
       Rise,         Set, Duration (s),
   46649.244,   47599.910,     950.666,
Is_True,           1.1003%,
Analysis,STARLINK-1557 - STARLINK-2645,
       Rise,         Set, Duration (s),
Is_True,           0.0000%,
Analysis,STARLINK-1557 - STARLINK-1647,
       Rise,         Set, Duration (s),
   10427.550,   11258.214,     830.665,
   24756.344,   25591.562,     835.218,
   39089.632,   39921.001,     831.369,
   53418.420,   54254.343,     835.923,
   67751.711,   68583.764,     832.052,
   82080.493,   82917.101,     836.608,
Is_True,           5.7892%,
Analysis,STARLINK-1557 - STARLINK-3087,
       Rise,         Set, Duration (s),
Is_True,           0.0000%,
Analysis,STARLINK-1557 - STARLINK-2214,
       Rise,         Set, Duration (s),
Is_True,           0.0000%,
Analysis,STARLINK-1557 - STARLINK-3567,
       Rise,         Set, Duration (s),
   13989.024,   14970.669,     981.645,
   28053.787,   28942.531,     888.744,
   39589.019,   39848.197,     259.178,
Is_True,           2.4648%,
Analysis,STARLINK-1557 - STARLINK-3596,
       Rise,         Set, Duration (s),
Is_True,           0.0000%,
Analysis,STARLINK-1557 - IOAG-Equatorial,
       Rise,         Set, Duration (s),
       0.000,    1491.395,    1491.395,
    5666.052,   13500.524,    7834.472,
   15497.238,   24993.617,    9496.380,
   26983.502,   30734.563,    3751.061,
   32725.646,   42244.139,    9518.493,
   50006.801,   53779.318,    3772.518,
   55770.938,   59537.600,    3766.662,
   61525.192,   71024.534,    9499.342,
   73009.040,   82519.793,    9510.752,
   84511.146,   86400.000,    1888.854,
Is_True,          70.0578%,
Analysis,STARLINK-1557 - IOAG-North1,
       Rise,         Set, Duration (s),
       0.000,    1956.020,    1956.020,
    3967.675,   13469.010,    9501.335,
   15483.192,   24991.440,    9508.248,
   26997.471,   30753.606,    3756.135,
   32750.355,   42242.169,    9491.814,
   44236.741,   53746.204,    9509.463,
   55751.149,   59504.737,    3753.588,
   61509.944,   71028.032,    9518.089,
   73026.233,   82531.981,    9505.748,
   84516.537,   86400.000,    1883.463,
Is_True,          79.1480%,
Analysis,STARLINK-1557 - IOAG-North2,
       Rise,         Set, Duration (s),
       0.000,    1972.571,    1972.571,
    3986.663,   13491.531,    9504.868,
   15480.434,   24973.651,    9493.217,
   26979.145,   30728.664,    3749.519,
   32737.034,   42247.922,    9510.888,
   44253.719,   53772.571,    9518.852,
   55763.293,   59520.893,    3757.600,
   61501.248,   71007.330,    9506.082,
   73008.657,   82520.935,    9512.278,
   84526.086,   86400.000,    1873.914,
Is_True,          79.1664%,
Analysis,STARLINK-1557 - IOAG-South1,
       Rise,         Set, Duration (s),
       0.000,    1975.621,    1975.621,
    3966.862,   13474.644,    9507.783,
   15457.605,   24979.005,    9521.401,
   26965.162,   30735.529,    3770.367,
   38501.393,   42263.600,    3762.207,
   44247.488,   53764.287,    9516.799,
   55737.320,   59514.090,    3776.770,
   61486.835,   71017.058,    9530.223,
   72999.363,   82543.139,    9543.776,
   84533.438,   86400.000,    1866.562,
Is_True,          72.6522%,
Analysis,STARLINK-1557 - IOAG-South2,
       Rise,         Set, Duration (s),
       0.000,    1958.886,    1958.886,
    3952.234,   13147.063,    9194.830,
   15485.986,   24995.198,    9509.212,
   26977.460,   30744.764,    3767.303,
   32722.415,   42245.814,    9523.399,
   44223.338,   53755.349,    9532.011,
   55747.767,   59523.479,    3775.712,
   61516.903,   71033.009,    9516.105,
   73007.246,   82531.770,    9524.524,
   84504.881,   86400.000,    1895.119,
Is_True,          78.9318%,
Analysis,STARLINK-2709 - STARLINK-2346,
       Rise,         Set, Duration (s),
Is_True,           0.0000%,
Analysis,STARLINK-2709 - STARLINK-3228,
       Rise,         Set, Duration (s),
       0.000,   86400.000,   86400.000,
Is_True,         100.0000%,
Analysis,STARLINK-2709 - STARLINK-2122,
       Rise,         Set, Duration (s),
Is_True,           0.0000%,
Analysis,STARLINK-2709 - STARLINK-3400,
       Rise,         Set, Duration (s),
       0.000,     420.336,     420.336,
   14190.001,   14746.530,     556.529,
   28487.760,   29077.176,     589.416,
   42790.691,   43401.921,     611.230,
   57090.523,   57730.697,     640.174,
   71394.860,   72054.292,     659.432,
Is_True,           4.0244%,
Analysis,STARLINK-2709 - STARLINK-3701,
       Rise,         Set, Duration (s),
   66594.954,   86400.000,   19805.046,
Is_True,          22.9225%,
Analysis,STARLINK-2709 - STARLINK-2524,
       Rise,         Set, Duration (s),
       0.000,   86400.000,   86400.000,
Is_True,         100.0000%,
Analysis,STARLINK-2709 - STARLINK-3458,
       Rise,         Set, Duration (s),
   71875.771,   72191.115,     315.344,
Is_True,           0.3650%,
Analysis,STARLINK-2709 - STARLINK-1115,
       Rise,         Set, Duration (s),
       0.000,     112.859,     112.859,
   10652.510,   14443.025,    3790.514,
   24984.362,   25907.784,     923.422,
   39314.423,   40239.517,     925.095,
   53646.273,   54569.682,     923.409,
   67976.333,   68901.414,     925.081,
   82308.181,   83231.578,     923.396,
Is_True,           9.8655%,
Analysis,STARLINK-2709 - STARLINK-3281,
       Rise,         Set, Duration (s),
Is_True,           0.0000%,
Analysis,STARLINK-2709 - STARLINK-3052,
       Rise,         Set, Duration (s),
    6779.145,    7311.559,     532.414,
Is_True,           0.6162%,
Analysis,STARLINK-2709 - STARLINK-1395,
       Rise,         Set, Duration (s),
Is_True,           0.0000%,
Analysis,STARLINK-2709 - STARLINK-2109,
       Rise,         Set, Duration (s),
Is_True,           0.0000%,
Analysis,STARLINK-2709 - STARLINK-1627,
       Rise,         Set, Duration (s),
Is_True,           0.0000%,
Analysis,STARLINK-2709 - STARLINK-1270,
       Rise,         Set, Duration (s),
Is_True,           0.0000%,
Analysis,STARLINK-2709 - STARLINK-2134,
       Rise,         Set, Duration (s),
    3149.298,    4258.373,    1109.075,
   17469.447,   18598.481,    1129.034,
   31809.819,   32920.678,    1110.859,
   46129.957,   47260.800,    1130.843,
   54738.257,   61582.969,    6844.712,
   71934.598,   75923.106,    3988.508,
   86254.720,   86400.000,     145.280,
Is_True,          17.8916%,
Analysis,STARLINK-2709 - STARLINK-3527,
       Rise,         Set, Duration (s),
   14108.964,   14894.073,     785.109,
   28182.464,   29074.610,     892.146,
   39496.333,   40368.193,     871.860,
   53706.561,   54424.071,     717.510,
Is_True,           3.7808%,
Analysis,STARLINK-2709 - STARLINK-2336,
       Rise,         Set, Duration (s),
       0.000,     253.419,     253.419,
   14169.113,   14582.456,     413.342,
   28498.672,   28915.366,     416.694,
   42831.142,   43244.397,     413.255,
Is_True,           1.7323%,
Analysis,STARLINK-2709 - STARLINK-3528,
       Rise,         Set, Duration (s),
       0.000,     680.789,     680.789,
   14089.282,   15003.417,     914.134,
   28406.455,   29332.520,     926.065,
   42729.860,   43654.908,     925.048,
   57047.208,   57983.671,     936.463,
   71370.732,   72305.811,     935.079,
   85688.256,   86400.000,     711.744,
Is_True,           6.9784%,
Analysis,STARLINK-2709 - STARLINK-3716,
       Rise,         Set, Duration (s),
Is_True,           0.0000%,
Analysis,STARLINK-2709 - STARLINK-1649,
       Rise,         Set, Duration (s),
Is_True,           0.0000%,
Analysis,STARLINK-2709 - STARLINK-1052,
       Rise,         Set, Duration (s),
Is_True,           0.0000%,
Analysis,STARLINK-2709 - STARLINK-3524,
       Rise,         Set, Duration (s),
Is_True,           0.0000%,
Analysis,STARLINK-2709 - STARLINK-2325,
       Rise,         Set, Duration (s),
Is_True,           0.0000%,
Analysis,STARLINK-2709 - STARLINK-2451,
       Rise,         Set, Duration (s),
       0.000,   86400.000,   86400.000,
Is_True,         100.0000%,
Analysis,STARLINK-2709 - STARLINK-24,
       Rise,         Set, Duration (s),
       0.000,   27408.759,   27408.759,
Is_True,          31.7231%,
Analysis,STARLINK-2709 - STARLINK-1998,
       Rise,         Set, Duration (s),
Is_True,           0.0000%,
Analysis,STARLINK-2709 - STARLINK-1846,
       Rise,         Set, Duration (s),
       0.000,      53.616,      53.616,
   10596.156,   11518.328,     922.172,
   24927.790,   25848.553,     920.763,
   39257.976,   40180.111,     922.134,
   53589.612,   54510.334,     920.721,
   67919.796,   68841.894,     922.098,
   82251.435,   83172.115,     920.680,
Is_True,           6.4609%,
Analysis,STARLINK-2709 - STARLINK-1197,
       Rise,         Set, Duration (s),
Is_True,           0.0000%,
Analysis,STARLINK-2709 - STARLINK-1551,
       Rise,         Set, Duration (s),
Is_True,           0.0000%,
Analysis,STARLINK-2709 - STARLINK-3814,
       Rise,         Set, Duration (s),
    6896.338,    7725.430,     829.093,
   78545.554,   79383.154,     837.599,
Is_True,           1.9290%,
Analysis,STARLINK-2709 - STARLINK-2645,
       Rise,         Set, Duration (s),
Is_True,           0.0000%,
Analysis,STARLINK-2709 - STARLINK-1647,
       Rise,         Set, Duration (s),
Is_True,           0.0000%,
Analysis,STARLINK-2709 - STARLINK-3087,
       Rise,         Set, Duration (s),
       0.000,    3608.152,    3608.152,
   14299.472,   18078.576,    3779.103,
   28619.486,   32519.796,    3900.310,
   42967.408,   46961.646,    3994.238,
   57311.576,   61380.428,    4068.852,
   71680.415,   75800.036,    4119.621,
   86046.054,   86400.000,     353.946,
Is_True,          27.5743%,
Analysis,STARLINK-2709 - STARLINK-2214,
       Rise,         Set, Duration (s),
       0.000,   86400.000,   86400.000,
Is_True,         100.0000%,
Analysis,STARLINK-2709 - STARLINK-3567,
       Rise,         Set, Duration (s),
   60534.218,   61318.004,     783.786,
   71588.848,   72707.378,    1118.530,
   85712.334,   86400.000,     687.666,
Is_True,           2.9977%,
Analysis,STARLINK-2709 - STARLINK-3596,
       Rise,         Set, Duration (s),
   28420.447,   29300.147,     879.700,
   42477.013,   43238.330,     761.317,
Is_True,           1.8993%,
Analysis,STARLINK-2709 - IOAG-Equatorial,
       Rise,         Set, Duration (s),
    7380.775,   16972.327,    9591.551,
   18900.330,   28457.313,    9556.983,
   30385.000,   34202.042,    3817.042,
   36134.520,   45434.223,    9299.703,
   49580.806,   57249.677,    7668.871,
   59200.087,   62999.599,    3799.512,
   64949.359,   74480.428,    9531.070,
   76433.714,   85983.764,    9550.050,
Is_True,          72.7023%,
Analysis,STARLINK-2709 - IOAG-North1,
       Rise,         Set, Duration (s),
    1601.638,    5420.632,    3818.993,
    7361.177,   16936.574,    9575.397,
   18885.170,   28463.716,    9578.546,
   30408.043,   34227.742,    3819.699,
   36159.509,   45704.412,    9544.904,
   47652.805,   57209.348,    9556.542,
   59173.443,   62967.992,    3794.549,
   64935.670,   74493.121,    9557.451,
   76458.578,   85979.364,    9520.786,
Is_True,          79.5913%,
Analysis,STARLINK-2709 - IOAG-North2,
       Rise,         Set, Duration (s),
    1622.454,    5443.222,    3820.768,
    7382.770,   16953.551,    9570.781,
   18873.510,   28439.320,    9565.810,
   30386.596,   34194.978,    3808.382,
   36148.168,   45716.331,    9568.162,
   47672.959,   57242.214,    9569.256,
   59180.882,   62974.150,    3793.268,
   64923.028,   74464.888,    9541.860,
   76436.799,   85977.367,    9540.569,
Is_True,          79.6052%,
Analysis,STARLINK-2709 - IOAG-South1,
       Rise,         Set, Duration (s),
    1612.632,    5450.177,    3837.544,
    7358.640,   16953.218,    9594.578,
   18860.542,   28456.411,    9595.869,
   30380.245,   34212.076,    3831.832,
   36154.493,   45736.344,    9581.851,
   47664.758,   57237.817,    9573.059,
   59163.768,   62986.407,    3822.638,
   64917.201,   74483.696,    9566.496,
   76438.738,   86005.096,    9566.358,
Is_True,          79.8266%,
Analysis,STARLINK-2709 - IOAG-South2,
       Rise,         Set, Duration (s),
    1589.455,    5435.928,    3846.472,
    7351.235,   16959.086,    9607.851,
   18891.272,   28471.278,    9580.006,
   30385.556,   34222.183,    3836.627,
   36135.658,   45721.938,    9586.281,
   47646.250,   56909.577,    9263.327,
   59185.937,   62994.783,    3808.846,
   64942.839,   74500.118,    9557.279,
   76440.112,   85995.502,    9555.390,
Is_True,          79.4469%,
Analysis,STARLINK-2346 - STARLINK-3228,
       Rise,         Set, Duration (s),
Is_True,           0.0000%,
Analysis,STARLINK-2346 - STARLINK-2122,
       Rise,         Set, Duration (s),
    3023.621,    4273.582,    1249.961,
   17347.804,   18610.571,    1262.767,
   31685.472,   32935.513,    1250.041,
   40277.268,   47272.525,    6995.257,
   54614.954,   61597.442,    6982.488,
   68939.099,   75934.477,    6995.378,
   86136.198,   86400.000,     263.802,
Is_True,          28.9348%,
Analysis,STARLINK-2346 - STARLINK-3400,
       Rise,         Set, Duration (s),
Is_True,           0.0000%,
Analysis,STARLINK-2346 - STARLINK-3701,
       Rise,         Set, Duration (s),
   10097.009,   10818.188,     721.180,
   21300.461,   22134.999,     834.537,
   35394.716,   36196.891,     802.175,
   46744.123,   47377.695,     633.572,
Is_True,           3.4623%,
Analysis,STARLINK-2346 - STARLINK-2524,
       Rise,         Set, Duration (s),
Is_True,           0.0000%,
Analysis,STARLINK-2346 - STARLINK-3458,
       Rise,         Set, Duration (s),
   45987.441,   64651.766,   18664.325,
Is_True,          21.6022%,
Analysis,STARLINK-2346 - STARLINK-1115,
       Rise,         Set, Duration (s),
Is_True,           0.0000%,
Analysis,STARLINK-2346 - STARLINK-3281,
       Rise,         Set, Duration (s),
Is_True,           0.0000%,
Analysis,STARLINK-2346 - STARLINK-3052,
       Rise,         Set, Duration (s),
    3048.431,    3981.564,     933.133,
   17408.592,   18371.827,     963.236,
   31781.201,   32749.684,     968.483,
   46147.567,   47133.754,     986.186,
   60525.803,   61505.991,     980.188,
   74898.036,   75884.222,     986.186,
Is_True,           6.7331%,
Analysis,STARLINK-2346 - STARLINK-1395,
       Rise,         Set, Duration (s),
    3339.481,    4254.058,     914.577,
   17666.047,   18589.184,     923.137,
   32001.078,   32915.566,     914.488,
   46327.631,   47250.711,     923.080,
   60662.681,   61577.080,     914.399,
   74989.221,   75912.246,     923.024,
Is_True,           6.3804%,
Analysis,STARLINK-2346 - STARLINK-2109,
       Rise,         Set, Duration (s),
Is_True,           0.0000%,
Analysis,STARLINK-2346 - STARLINK-1627,
       Rise,         Set, Duration (s),
       0.000,   86400.000,   86400.000,
Is_True,         100.0000%,
Analysis,STARLINK-2346 - STARLINK-1270,
       Rise,         Set, Duration (s),
    2965.072,   10130.804,    7165.732,
   17286.739,   18736.470,    1449.731,
   25894.195,   33060.027,    7165.832,
   40215.845,   47398.035,    7182.190,
   54555.606,   61721.562,    7165.956,
   68877.234,   76059.606,    7182.372,
   83217.024,   86400.000,    3182.976,
Is_True,          46.8690%,
Analysis,STARLINK-2346 - STARLINK-2134,
       Rise,         Set, Duration (s),
    3093.114,    3600.867,     507.753,
   57540.151,   58066.596,     526.445,
   71882.038,   72386.001,     503.963,
   86202.134,   86400.000,     197.866,
Is_True,           2.0093%,
Analysis,STARLINK-2346 - STARLINK-3527,
       Rise,         Set, Duration (s),
Is_True,           0.0000%,
Analysis,STARLINK-2346 - STARLINK-2336,
       Rise,         Set, Duration (s),
Is_True,           0.0000%,
Analysis,STARLINK-2346 - STARLINK-3528,
       Rise,         Set, Duration (s),
Is_True,           0.0000%,
Analysis,STARLINK-2346 - STARLINK-3716,
       Rise,         Set, Duration (s),
   35745.611,   36545.526,     799.915,
   49810.039,   50650.923,     840.884,
   61128.340,   61873.678,     745.337,
   75376.218,   75810.160,     433.942,
Is_True,           3.2640%,
Analysis,STARLINK-2346 - STARLINK-1649,
       Rise,         Set, Duration (s),
Is_True,           0.0000%,
Analysis,STARLINK-2346 - STARLINK-1052,
       Rise,         Set, Duration (s),
       0.000,     425.488,     425.488,
   10446.045,   17562.397,    7116.352,
   24782.863,   31828.818,    7045.955,
   39103.599,   46109.678,    7006.079,
   53450.115,   54660.140,    1210.025,
   67779.480,   68934.044,    1154.564,
   82137.396,   83180.946,    1043.551,
Is_True,          28.9375%,
Analysis,STARLINK-2346 - STARLINK-3524,
       Rise,         Set, Duration (s),
Is_True,           0.0000%,
Analysis,STARLINK-2346 - STARLINK-2325,
       Rise,         Set, Duration (s),
Is_True,           0.0000%,
Analysis,STARLINK-2346 - STARLINK-2451,
       Rise,         Set, Duration (s),
Is_True,           0.0000%,
Analysis,STARLINK-2346 - STARLINK-24,
       Rise,         Set, Duration (s),
Is_True,           0.0000%,
Analysis,STARLINK-2346 - STARLINK-1998,
       Rise,         Set, Duration (s),
Is_True,           0.0000%,
Analysis,STARLINK-2346 - STARLINK-1846,
       Rise,         Set, Duration (s),
Is_True,           0.0000%,
Analysis,STARLINK-2346 - STARLINK-1197,
       Rise,         Set, Duration (s),
Is_True,           0.0000%,
Analysis,STARLINK-2346 - STARLINK-1551,
       Rise,         Set, Duration (s),
Is_True,           0.0000%,
Analysis,STARLINK-2346 - STARLINK-3814,
       Rise,         Set, Duration (s),
   31264.571,   35418.514,    4153.944,
   36349.492,   43339.706,    6990.214,
Is_True,          12.8983%,
Analysis,STARLINK-2346 - STARLINK-2645,
       Rise,         Set, Duration (s),
Is_True,           0.0000%,
Analysis,STARLINK-2346 - STARLINK-1647,
       Rise,         Set, Duration (s),
       0.000,   86400.000,   86400.000,
Is_True,         100.0000%,
Analysis,STARLINK-2346 - STARLINK-3087,
       Rise,         Set, Duration (s),
Is_True,           0.0000%,
Analysis,STARLINK-2346 - STARLINK-2214,
       Rise,         Set, Duration (s),
Is_True,           0.0000%,
Analysis,STARLINK-2346 - STARLINK-3567,
       Rise,         Set, Duration (s),
   31996.017,   33018.388,    1022.370,
   40314.064,   47102.218,    6788.154,
   57420.808,   58063.966,     643.158,
Is_True,           9.7844%,
Analysis,STARLINK-2346 - STARLINK-3596,
       Rise,         Set, Duration (s),
       0.000,    6910.645,    6910.645,
Is_True,           7.9984%,
Analysis,STARLINK-2346 - IOAG-Equatorial,
       Rise,         Set, Duration (s),
       0.000,    1492.415,    1492.415,
    5713.967,   14027.939,    8313.972,
   15002.242,   42927.252,   27925.009,
   49638.157,   71886.643,   22248.486,
   72537.941,   86400.000,   13862.059,
Is_True,          85.4652%,
Analysis,STARLINK-2346 - IOAG-North1,
       Rise,         Set, Duration (s),
       0.000,   13992.099,   13992.099,
   14902.941,   42938.300,   28035.359,
   43684.215,   71989.001,   28304.786,
   72488.819,   86400.000,   13911.181,
Is_True,          97.5040%,
Analysis,STARLINK-2346 - IOAG-North2,
       Rise,         Set, Duration (s),
       0.000,   13992.511,   13992.511,
   15012.376,   43039.051,   28026.675,
   43621.515,   71991.897,   28370.382,
   72388.047,   86400.000,   14011.953,
Is_True,          97.6869%,
Analysis,STARLINK-2346 - IOAG-South1,
       Rise,         Set, Duration (s),
       0.000,   13913.087,   13913.087,
   15056.241,   35053.051,   19996.810,
   37963.724,   42946.010,    4982.286,
   43779.251,   71813.586,   28034.335,
   72572.933,   86400.000,   13827.067,
Is_True,          93.4648%,
Analysis,STARLINK-2346 - IOAG-South2,
       Rise,         Set, Duration (s),
       0.000,   13134.636,   13134.636,
   14972.841,   42851.033,   27878.191,
   43799.760,   57093.530,   13293.770,
   57635.080,   71812.783,   14177.703,
   72633.782,   86400.000,   13766.218,
Is_True,          95.1974%,
Analysis,STARLINK-3228 - STARLINK-2122,
       Rise,         Set, Duration (s),
Is_True,           0.0000%,
Analysis,STARLINK-3228 - STARLINK-3400,
       Rise,         Set, Duration (s),
Is_True,           0.0000%,
Analysis,STARLINK-3228 - STARLINK-3701,
       Rise,         Set, Duration (s),
   75210.350,   82128.437,    6918.087,
   83429.124,   86400.000,    2970.876,
Is_True,          11.4456%,
Analysis,STARLINK-3228 - STARLINK-2524,
       Rise,         Set, Duration (s),
    6968.445,    7278.585,     310.139,
Is_True,           0.3590%,
Analysis,STARLINK-3228 - STARLINK-3458,
       Rise,         Set, Duration (s),
       0.000,     130.783,     130.783,
   10516.158,   11238.316,     722.158,
Is_True,           0.9872%,
Analysis,STARLINK-3228 - STARLINK-1115,
       Rise,         Set, Duration (s),
       0.000,     210.076,     210.076,
   13770.534,   14537.386,     766.852,
   28102.696,   28860.252,     757.557,
   39566.422,   40320.143,     753.721,
   53893.550,   54647.017,     753.467,
   68225.752,   68969.410,     743.658,
   82552.876,   83295.961,     743.085,
Is_True,           5.4727%,
Analysis,STARLINK-3228 - STARLINK-3281,
       Rise,         Set, Duration (s),
Is_True,           0.0000%,
Analysis,STARLINK-3228 - STARLINK-3052,
       Rise,         Set, Duration (s),
    6915.800,    7284.283,     368.484,
Is_True,           0.4265%,
Analysis,STARLINK-3228 - STARLINK-1395,
       Rise,         Set, Duration (s),
Is_True,           0.0000%,
Analysis,STARLINK-3228 - STARLINK-2109,
       Rise,         Set, Duration (s),
Is_True,           0.0000%,
Analysis,STARLINK-3228 - STARLINK-1627,
       Rise,         Set, Duration (s),
Is_True,           0.0000%,
Analysis,STARLINK-3228 - STARLINK-1270,
       Rise,         Set, Duration (s),
Is_True,           0.0000%,
Analysis,STARLINK-3228 - STARLINK-2134,
       Rise,         Set, Duration (s),
   17980.673,   18428.943,     448.270,
   32322.496,   32740.878,     418.382,
   46646.991,   47070.722,     423.731,
   60989.944,   61381.215,     391.271,
   75314.448,   75710.746,     396.297,
Is_True,           2.4050%,
Analysis,STARLINK-3228 - STARLINK-3527,
       Rise,         Set, Duration (s),
   28570.401,   29024.486,     454.085,
   42557.370,   43292.843,     735.472,
   53807.300,   54650.369,     843.069,
   67926.472,   68794.736,     868.264,
   82102.166,   82889.280,     787.114,
Is_True,           4.2685%,
Analysis,STARLINK-3228 - STARLINK-2336,
       Rise,         Set, Duration (s),
Is_True,           0.0000%,
Analysis,STARLINK-3228 - STARLINK-3528,
       Rise,         Set, Duration (s),
   57550.187,   57801.847,     251.661,
   71862.638,   72126.916,     264.278,
   86172.578,   86400.000,     227.422,
Is_True,           0.8604%,
Analysis,STARLINK-3228 - STARLINK-3716,
       Rise,         Set, Duration (s),
Is_True,           0.0000%,
Analysis,STARLINK-3228 - STARLINK-1649,
       Rise,         Set, Duration (s),
Is_True,           0.0000%,
Analysis,STARLINK-3228 - STARLINK-1052,
       Rise,         Set, Duration (s),
Is_True,           0.0000%,
Analysis,STARLINK-3228 - STARLINK-3524,
       Rise,         Set, Duration (s),
       0.000,      54.048,      54.048,
   10621.477,   11508.748,     887.270,
   24940.668,   25828.477,     887.809,
   39262.277,   40145.123,     882.846,
   53581.250,   54464.622,     883.372,
   67902.685,   68780.970,     878.285,
   82221.436,   83100.241,     878.805,
Is_True,           6.1949%,
Analysis,STARLINK-3228 - STARLINK-2325,
       Rise,         Set, Duration (s),
    7044.427,    7515.945,     471.518,
   21381.409,   21822.109,     440.700,
   35696.517,   36150.615,     454.097,
   50033.456,   50456.746,     423.290,
Is_True,           2.0713%,
Analysis,STARLINK-3228 - STARLINK-2451,
       Rise,         Set, Duration (s),
       0.000,   86400.000,   86400.000,
Is_True,         100.0000%,
Analysis,STARLINK-3228 - STARLINK-24,
       Rise,         Set, Duration (s),
       0.000,   33180.423,   33180.423,
Is_True,          38.4033%,
Analysis,STARLINK-3228 - STARLINK-1998,
       Rise,         Set, Duration (s),
Is_True,           0.0000%,
Analysis,STARLINK-3228 - STARLINK-1846,
       Rise,         Set, Duration (s),
       0.000,     154.018,     154.018,
   13710.804,   14481.589,     770.785,
   25174.566,   28803.873,    3629.307,
   39507.221,   40263.631,     756.410,
   53833.998,   54590.754,     756.756,
   68166.695,   68912.549,     745.854,
   82493.482,   83239.342,     745.860,
Is_True,           8.7488%,
Analysis,STARLINK-3228 - STARLINK-1197,
       Rise,         Set, Duration (s),
Is_True,           0.0000%,
Analysis,STARLINK-3228 - STARLINK-1551,
       Rise,         Set, Duration (s),
Is_True,           0.0000%,
Analysis,STARLINK-3228 - STARLINK-3814,
       Rise,         Set, Duration (s),
    6830.467,   13542.442,    6711.975,
   78474.642,   79801.170,    1326.529,
Is_True,           9.3038%,
Analysis,STARLINK-3228 - STARLINK-2645,
       Rise,         Set, Duration (s),
Is_True,           0.0000%,
Analysis,STARLINK-3228 - STARLINK-1647,
       Rise,         Set, Duration (s),
Is_True,           0.0000%,
Analysis,STARLINK-3228 - STARLINK-3087,
       Rise,         Set, Duration (s),
       0.000,    3756.635,    3756.635,
   14363.622,   18154.316,    3790.694,
   28740.187,   32541.172,    3800.985,
   43127.320,   46930.548,    3803.228,
   57511.849,   61308.352,    3796.503,
   71907.529,   75689.169,    3781.640,
   86300.331,   86400.000,      99.669,
Is_True,          26.4229%,
Analysis,STARLINK-3228 - STARLINK-2214,
       Rise,         Set, Duration (s),
       0.000,   86400.000,   86400.000,
Is_True,         100.0000%,
Analysis,STARLINK-3228 - STARLINK-3567,
       Rise,         Set, Duration (s),
   71982.045,   72623.620,     641.575,
   85901.994,   86400.000,     498.006,
Is_True,           1.3190%,
Analysis,STARLINK-3228 - STARLINK-3596,
       Rise,         Set, Duration (s),
   42645.555,   43405.802,     760.247,
   53823.100,   54621.909,     798.809,
   67943.027,   68495.357,     552.331,
Is_True,           2.4437%,
Analysis,STARLINK-3228 - IOAG-Equatorial,
       Rise,         Set, Duration (s),
    7112.978,   10726.915,    3613.936,
   12863.722,   16475.004,    3611.282,
   18607.011,   27950.076,    9343.065,
   30078.675,   39436.245,    9357.570,
   41566.705,   45191.718,    3625.012,
   49563.983,   56704.449,    7140.465,
   58824.001,   68187.642,    9363.641,
   70300.333,   73923.573,    3623.240,
   76036.606,   85416.653,    9380.047,
Is_True,          68.3545%,
Analysis,STARLINK-3228 - IOAG-North1,
       Rise,         Set, Duration (s),
    1356.702,   10712.166,    9355.464,
   12855.196,   16463.225,    3608.029,
   18603.957,   27963.763,    9359.806,
   30096.228,   39443.004,    9346.776,
   41569.437,   45186.697,    3617.260,
   47317.007,   56687.068,    9370.060,
   58815.430,   68189.961,    9374.531,
   70310.861,   73940.163,    3629.302,
   76054.402,   85418.588,    9364.186,
Is_True,          77.5757%,
Analysis,STARLINK-3228 - IOAG-North2,
       Rise,         Set, Duration (s),
    1372.534,   10724.123,    9351.590,
   12857.705,   16458.690,    3600.984,
   18590.107,   27948.249,    9358.142,
   30085.736,   39450.266,    9364.531,
   41583.577,   45201.334,    3617.757,
   47330.749,   56696.262,    9365.513,
   58810.105,   68175.379,    9365.274,
   70298.270,   73925.133,    3626.863,
   76047.551,   85428.130,    9380.579,
Is_True,          77.5824%,
Analysis,STARLINK-3228 - IOAG-South1,
       Rise,         Set, Duration (s),
    1358.673,   10701.161,    9342.488,
   12833.036,   16443.901,    3610.865,
   18575.097,   27939.337,    9364.240,
   30071.996,   33695.639,    3623.642,
   41579.047,   45195.105,    3616.058,
   47313.949,   56676.225,    9362.276,
   58791.217,   68167.462,    9376.245,
   70282.753,   73919.427,    3636.674,
   76037.582,   85432.772,    9395.190,
Is_True,          70.9811%,
Analysis,STARLINK-3228 - IOAG-South2,
       Rise,         Set, Duration (s),
    1341.530,   10705.950,    9364.421,
   18601.291,   27947.111,    9345.820,
   30072.232,   39431.364,    9359.132,
   41554.450,   45177.834,    3623.383,
   47301.279,   56687.443,    9386.164,
   58816.211,   68183.408,    9367.197,
   70293.129,   73923.753,    3630.625,
   76031.022,   85410.620,    9379.598,
Is_True,          73.4448%,
Analysis,STARLINK-2122 - STARLINK-3400,
       Rise,         Set, Duration (s),
Is_True,           0.0000%,
Analysis,STARLINK-2122 - STARLINK-3701,
       Rise,         Set, Duration (s),
   35736.073,   42680.828,    6944.754,
   43987.176,   56783.380,   12796.203,
   58079.020,   65046.324,    6967.304,
Is_True,          30.9123%,
Analysis,STARLINK-2122 - STARLINK-2524,
       Rise,         Set, Duration (s),
    6489.646,    7724.519,    1234.872,
   15100.769,   22044.918,    6944.148,
   29419.396,   36386.536,    6967.139,
   46616.705,   50706.894,    4090.189,
   60960.322,   65048.550,    4088.228,
   75278.880,   79368.867,    4089.987,
Is_True,          31.7298%,
Analysis,STARLINK-2122 - STARLINK-3458,
       Rise,         Set, Duration (s),
   46587.239,   53485.616,    6898.378,
   54618.721,   61750.775,    7132.054,
Is_True,          16.2389%,
Analysis,STARLINK-2122 - STARLINK-1115,
       Rise,         Set, Duration (s),
Is_True,           0.0000%,
Analysis,STARLINK-2122 - STARLINK-3281,
       Rise,         Set, Duration (s),
       0.000,     455.245,     455.245,
   14043.197,   14755.040,     711.843,
   28368.916,   29061.087,     692.171,
   42703.857,   43359.182,     655.325,
   57031.153,   57663.765,     632.612,
Is_True,           3.6426%,
Analysis,STARLINK-2122 - STARLINK-3052,
       Rise,         Set, Duration (s),
       0.000,   86400.000,   86400.000,
Is_True,         100.0000%,
Analysis,STARLINK-2122 - STARLINK-1395,
       Rise,         Set, Duration (s),
       0.000,   86400.000,   86400.000,
Is_True,         100.0000%,
Analysis,STARLINK-2122 - STARLINK-2109,
       Rise,         Set, Duration (s),
Is_True,           0.0000%,
Analysis,STARLINK-2122 - STARLINK-1627,
       Rise,         Set, Duration (s),
    3039.622,    4130.141,    1090.519,
   17365.256,   18466.377,    1101.121,
   31701.704,   32792.240,    1090.535,
   43166.536,   47128.493,    3961.957,
   57492.140,   61454.332,    3962.193,
   71828.610,   75790.602,    3961.992,
   86154.192,   86400.000,     245.808,
Is_True,          17.8404%,
Analysis,STARLINK-2122 - STARLINK-1270,
       Rise,         Set, Duration (s),
       0.000,   86400.000,   86400.000,
Is_True,         100.0000%,
Analysis,STARLINK-2122 - STARLINK-2134,
       Rise,         Set, Duration (s),
       0.000,   86400.000,   86400.000,
Is_True,         100.0000%,
Analysis,STARLINK-2122 - STARLINK-3527,
       Rise,         Set, Duration (s),
Is_True,           0.0000%,
Analysis,STARLINK-2122 - STARLINK-2336,
       Rise,         Set, Duration (s),
Is_True,           0.0000%,
Analysis,STARLINK-2122 - STARLINK-3528,
       Rise,         Set, Duration (s),
Is_True,           0.0000%,
Analysis,STARLINK-2122 - STARLINK-3716,
       Rise,         Set, Duration (s),
   53109.599,   54033.121,     923.522,
   64058.083,   71289.737,    7231.654,
   72461.271,   79663.183,    7201.912,
Is_True,          17.7744%,
Analysis,STARLINK-2122 - STARLINK-1649,
       Rise,         Set, Duration (s),
   10479.468,   11440.865,     961.397,
   24807.631,   25775.069,     967.439,
   39142.095,   40103.291,     961.196,
   53470.245,   54437.493,     967.248,
   67804.704,   68765.703,     960.999,
   82132.841,   83099.902,     967.061,
Is_True,           6.6960%,
Analysis,STARLINK-2122 - STARLINK-1052,
       Rise,         Set, Duration (s),
       0.000,     563.815,     563.815,
   14162.300,   14881.413,     719.113,
   28447.743,   29200.905,     753.162,
   42737.392,   43515.747,     778.356,
   57025.761,   57832.097,     806.336,
   71317.777,   72144.417,     826.640,
   82751.328,   86400.000,    3648.672,
Is_True,           9.3705%,
Analysis,STARLINK-2122 - STARLINK-3524,
       Rise,         Set, Duration (s),
Is_True,           0.0000%,
Analysis,STARLINK-2122 - STARLINK-2325,
       Rise,         Set, Duration (s),
Is_True,           0.0000%,
Analysis,STARLINK-2122 - STARLINK-2451,
       Rise,         Set, Duration (s),
Is_True,           0.0000%,
Analysis,STARLINK-2122 - STARLINK-24,
       Rise,         Set, Duration (s),
Is_True,           0.0000%,
Analysis,STARLINK-2122 - STARLINK-1998,
       Rise,         Set, Duration (s),
Is_True,           0.0000%,
Analysis,STARLINK-2122 - STARLINK-1846,
       Rise,         Set, Duration (s),
Is_True,           0.0000%,
Analysis,STARLINK-2122 - STARLINK-1197,
       Rise,         Set, Duration (s),
Is_True,           0.0000%,
Analysis,STARLINK-2122 - STARLINK-1551,
       Rise,         Set, Duration (s),
Is_True,           0.0000%,
Analysis,STARLINK-2122 - STARLINK-3814,
       Rise,         Set, Duration (s),
   42914.646,   43639.234,     724.588,
Is_True,           0.8386%,
Analysis,STARLINK-2122 - STARLINK-2645,
       Rise,         Set, Duration (s),
   10348.784,   11122.665,     773.880,
   24677.440,   25456.200,     778.760,
   39010.822,   39784.441,     773.618,
   53339.470,   54117.980,     778.509,
   67672.855,   68446.216,     773.361,
   79137.667,   79910.926,     773.259,
Is_True,           5.3836%,
Analysis,STARLINK-2122 - STARLINK-1647,
       Rise,         Set, Duration (s),
       0.000,   86400.000,   86400.000,
Is_True,         100.0000%,
Analysis,STARLINK-2122 - STARLINK-3087,
       Rise,         Set, Duration (s),
Is_True,           0.0000%,
Analysis,STARLINK-2122 - STARLINK-2214,
       Rise,         Set, Duration (s),
Is_True,           0.0000%,
Analysis,STARLINK-2122 - STARLINK-3567,
       Rise,         Set, Duration (s),
   27459.148,   58928.195,   31469.047,
Is_True,          36.4225%,
Analysis,STARLINK-2122 - STARLINK-3596,
       Rise,         Set, Duration (s),
       0.000,   10044.997,   10044.997,
Is_True,          11.6262%,
Analysis,STARLINK-2122 - IOAG-Equatorial,
       Rise,         Set, Duration (s),
       0.000,    1373.489,    1373.489,
    9273.426,   12855.506,    3582.080,
   15014.384,   24328.589,    9314.204,
   26486.715,   35799.274,    9312.560,
   37958.629,   41538.655,    3580.025,
   49630.605,   53023.139,    3392.534,
   55181.238,   64500.868,    9319.631,
   66655.214,   70235.653,    3580.439,
   72389.220,   81708.739,    9319.520,
   83861.088,   86400.000,    2538.912,
Is_True,          64.0201%,
Analysis,STARLINK-2122 - IOAG-North1,
       Rise,         Set, Duration (s),
       0.000,    7094.366,    7094.366,
    9249.728,   12830.231,    3580.504,
   14988.232,   24313.138,    9324.905,
   26474.969,   35809.152,    9334.183,
   37967.545,   41536.793,    3569.249,
   43691.548,   52999.110,    9307.562,
   55156.633,   64479.666,    9323.034,
   66636.906,   70225.397,    3588.492,
   72382.174,   81716.850,    9334.676,
   83862.258,   86400.000,    2537.742,
Is_True,          77.5402%,
Analysis,STARLINK-2122 - IOAG-North2,
       Rise,         Set, Duration (s),
       0.000,    7104.957,    7104.957,
    9266.126,   12854.047,    3587.921,
   15014.735,   24313.360,    9298.625,
   26469.707,   35783.143,    9313.436,
   37942.911,   41524.018,    3581.107,
   43684.637,   53016.593,    9331.956,
   55178.332,   64488.179,    9309.847,
   66640.677,   70218.288,    3577.610,
   72371.423,   81693.669,    9322.245,
   83845.086,   86400.000,    2554.914,
Is_True,          77.5262%,
Analysis,STARLINK-2122 - IOAG-South1,
       Rise,         Set, Duration (s),
       0.000,    7127.438,    7127.438,
    9284.801,   12866.982,    3582.181,
   15023.904,   24337.843,    9313.939,
   26494.201,   35039.576,    8545.375,
   37960.787,   41547.053,    3586.266,
   43710.015,   53034.664,    9324.649,
   55193.670,   64509.146,    9315.476,
   66664.432,   70242.816,    3578.384,
   72395.651,   81712.993,    9317.342,
   83867.755,   86400.000,    2532.245,
Is_True,          76.6473%,
Analysis,STARLINK-2122 - IOAG-South2,
       Rise,         Set, Duration (s),
       0.000,    7119.198,    7119.198,
    9272.168,   12848.946,    3576.778,
   15005.122,   24338.135,    9333.013,
   26499.500,   35819.437,    9319.936,
   37978.453,   41555.741,    3577.289,
   43713.659,   53021.230,    9307.571,
   60915.330,   64504.259,    3588.928,
   66663.251,   70249.268,    3586.016,
   72405.703,   81728.381,    9322.678,
   83879.995,   86400.000,    2520.005,
Is_True,          70.8928%,
Analysis,STARLINK-3400 - STARLINK-3701,
       Rise,         Set, Duration (s),
   46256.124,   46842.032,     585.908,
   57407.645,   58198.938,     791.293,
   71440.651,   72305.183,     864.531,
   82730.055,   83531.964,     801.909,
Is_True,           3.5227%,
Analysis,STARLINK-3400 - STARLINK-2524,
       Rise,         Set, Duration (s),
       0.000,    3729.463,    3729.463,
   14228.370,   18045.529,    3817.159,
   28540.650,   29496.351,     955.701,
   42857.723,   43807.451,     949.728,
   57171.098,   58122.252,     951.154,
   71489.183,   72432.609,     943.426,
   85803.630,   86400.000,     596.370,
Is_True,          13.8229%,
Analysis,STARLINK-3400 - STARLINK-3458,
       Rise,         Set, Duration (s),
   67937.571,   86400.000,   18462.429,
Is_True,          21.3686%,
Analysis,STARLINK-3400 - STARLINK-1115,
       Rise,         Set, Duration (s),
Is_True,           0.0000%,
Analysis,STARLINK-3400 - STARLINK-3281,
       Rise,         Set, Duration (s),
       0.000,   86400.000,   86400.000,
Is_True,         100.0000%,
Analysis,STARLINK-3400 - STARLINK-3052,
       Rise,         Set, Duration (s),
       0.000,     431.945,     431.945,
   14298.504,   14679.038,     380.534,
Is_True,           0.9404%,
Analysis,STARLINK-3400 - STARLINK-1395,
       Rise,         Set, Duration (s),
   57561.663,   57864.270,     302.607,
   71970.236,   72084.516,     114.279,
Is_True,           0.4825%,
Analysis,STARLINK-3400 - STARLINK-2109,
       Rise,         Set, Duration (s),
Is_True,           0.0000%,
Analysis,STARLINK-3400 - STARLINK-1627,
       Rise,         Set, Duration (s),
Is_True,           0.0000%,
Analysis,STARLINK-3400 - STARLINK-1270,
       Rise,         Set, Duration (s),
Is_True,           0.0000%,
Analysis,STARLINK-3400 - STARLINK-2134,
       Rise,         Set, Duration (s),
       0.000,     621.523,     621.523,
   13730.544,   14915.102,    1184.558,
   22319.088,   29221.024,    6901.936,
   39514.019,   43511.938,    3997.919,
   53853.309,   57815.834,    3962.525,
   68176.495,   72103.862,    3927.368,
   82519.052,   86400.000,    3880.948,
Is_True,          28.3296%,
Analysis,STARLINK-3400 - STARLINK-3527,
       Rise,         Set, Duration (s),
       0.000,   34240.516,   34240.516,
Is_True,          39.6302%,
Analysis,STARLINK-3400 - STARLINK-2336,
       Rise,         Set, Duration (s),
       0.000,   86400.000,   86400.000,
Is_True,         100.0000%,
Analysis,STARLINK-3400 - STARLINK-3528,
       Rise,         Set, Duration (s),
       0.000,   86400.000,   86400.000,
Is_True,         100.0000%,
Analysis,STARLINK-3400 - STARLINK-3716,
       Rise,         Set, Duration (s),
   71903.175,   72561.791,     658.615,
   85887.509,   86400.000,     512.491,
Is_True,           1.3554%,
Analysis,STARLINK-3400 - STARLINK-1649,
       Rise,         Set, Duration (s),
    6611.907,    7588.340,     976.434,
   20925.805,   21902.878,     977.073,
   32380.542,   36208.744,    3828.202,
   46703.621,   50522.375,    3818.754,
   61019.128,   64827.086,    3807.958,
   75343.565,   76273.848,     930.283,
Is_True,          16.5957%,
Analysis,STARLINK-3400 - STARLINK-1052,
       Rise,         Set, Duration (s),
   64717.967,   65180.513,     462.546,
   78959.447,   79509.612,     550.165,
Is_True,           1.1721%,
Analysis,STARLINK-3400 - STARLINK-3524,
       Rise,         Set, Duration (s),
Is_True,           0.0000%,
Analysis,STARLINK-3400 - STARLINK-2325,
       Rise,         Set, Duration (s),
Is_True,           0.0000%,
Analysis,STARLINK-3400 - STARLINK-2451,
       Rise,         Set, Duration (s),
Is_True,           0.0000%,
Analysis,STARLINK-3400 - STARLINK-24,
       Rise,         Set, Duration (s),
Is_True,           0.0000%,
Analysis,STARLINK-3400 - STARLINK-1998,
       Rise,         Set, Duration (s),
Is_True,           0.0000%,
Analysis,STARLINK-3400 - STARLINK-1846,
       Rise,         Set, Duration (s),
Is_True,           0.0000%,
Analysis,STARLINK-3400 - STARLINK-1197,
       Rise,         Set, Duration (s),
Is_True,           0.0000%,
Analysis,STARLINK-3400 - STARLINK-1551,
       Rise,         Set, Duration (s),
Is_True,           0.0000%,
Analysis,STARLINK-3400 - STARLINK-3814,
       Rise,         Set, Duration (s),
   49938.844,   51175.419,    1236.575,
Is_True,           1.4312%,
Analysis,STARLINK-3400 - STARLINK-2645,
       Rise,         Set, Duration (s),
    6468.200,    7284.730,     816.529,
   17906.932,   21619.907,    3712.974,
   32200.143,   33082.415,     882.272,
   46506.983,   47403.926,     896.943,
   60802.553,   61736.037,     933.484,
   75111.212,   76055.947,     944.735,
Is_True,           9.4756%,
Analysis,STARLINK-3400 - STARLINK-1647,
       Rise,         Set, Duration (s),
Is_True,           0.0000%,
Analysis,STARLINK-3400 - STARLINK-3087,
       Rise,         Set, Duration (s),
   10167.169,   11225.701,    1058.532,
   24479.435,   25657.636,    1178.201,
   33066.192,   40080.128,    7013.936,
   47414.010,   54467.390,    7053.380,
   61769.159,   68846.560,    7077.401,
   76158.751,   83192.290,    7033.539,
Is_True,          35.2025%,
Analysis,STARLINK-3400 - STARLINK-2214,
       Rise,         Set, Duration (s),
Is_True,           0.0000%,
Analysis,STARLINK-3400 - STARLINK-3567,
       Rise,         Set, Duration (s),
   56891.585,   57606.759,     715.174,
   67748.868,   69161.396,    1412.528,
   76129.374,   83093.894,    6964.520,
Is_True,          10.5234%,
Analysis,STARLINK-3400 - STARLINK-3596,
       Rise,         Set, Duration (s),
   10580.466,   37092.556,   26512.090,
Is_True,          30.6853%,
Analysis,STARLINK-3400 - IOAG-Equatorial,
       Rise,         Set, Duration (s),
       0.000,     704.765,     704.765,
    7965.840,   35253.923,   27288.084,
   36555.157,   45505.714,    8950.557,
   49719.879,   64247.333,   14527.454,
   65107.421,   86400.000,   21292.579,
Is_True,          84.2169%,
Analysis,STARLINK-3400 - IOAG-North1,
       Rise,         Set, Duration (s),
       0.000,    6436.656,    6436.656,
    7929.994,   17973.683,   10043.690,
   19354.373,   35313.842,   15959.469,
   36565.871,   64220.699,   27654.829,
   65027.876,   86400.000,   21372.124,
Is_True,          94.2902%,
Analysis,STARLINK-3400 - IOAG-North2,
       Rise,         Set, Duration (s),
       0.000,    6478.646,    6478.646,
    7944.828,   17980.205,   10035.377,
   19400.874,   35267.252,   15866.378,
   36494.764,   64166.762,   27671.998,
   65090.401,   86400.000,   21309.599,
Is_True,          94.1690%,
Analysis,STARLINK-3400 - IOAG-South1,
       Rise,         Set, Duration (s),
       0.000,    6475.453,    6475.453,
    8007.029,   17975.447,    9968.419,
   19450.105,   35014.505,   15564.399,
   36538.358,   64134.820,   27596.463,
   65189.215,   86400.000,   21210.785,
Is_True,          93.5365%,
Analysis,STARLINK-3400 - IOAG-South2,
       Rise,         Set, Duration (s),
       0.000,    6454.828,    6454.828,
    7986.954,   35271.909,   27284.955,
   36610.997,   46799.616,   10188.619,
   48026.965,   56923.305,    8896.341,
   59381.903,   64218.397,    4836.494,
   65140.979,   86400.000,   21259.021,
Is_True,          91.3429%,
Analysis,STARLINK-3701 - STARLINK-2524,
       Rise,         Set, Duration (s),
   46943.706,   86400.000,   39456.294,
Is_True,          45.6670%,
Analysis,STARLINK-3701 - STARLINK-3458,
       Rise,         Set, Duration (s),
   49999.335,   50466.835,     467.500,
   60871.605,   61525.090,     653.485,
   71793.031,   72541.854,     748.823,
   82751.760,   83529.110,     777.351,
Is_True,           3.0638%,
Analysis,STARLINK-3701 - STARLINK-1115,
       Rise,         Set, Duration (s),
   82381.540,   83092.752,     711.212,
Is_True,           0.8232%,
Analysis,STARLINK-3701 - STARLINK-3281,
       Rise,         Set, Duration (s),
   17941.724,   18456.726,     515.002,
   31865.671,   32660.172,     794.501,
   43086.166,   43944.850,     858.683,
   57196.574,   57972.340,     775.766,
Is_True,           3.4074%,
Analysis,STARLINK-3701 - STARLINK-3052,
       Rise,         Set, Duration (s),
   38995.390,   40065.190,    1069.800,
   46988.194,   57557.364,   10569.171,
   58157.836,   65690.637,    7532.800,
Is_True,          22.1895%,
Analysis,STARLINK-3701 - STARLINK-1395,
       Rise,         Set, Duration (s),
   35674.243,   70966.728,   35292.485,
Is_True,          40.8478%,
Analysis,STARLINK-3701 - STARLINK-2109,
       Rise,         Set, Duration (s),
       0.000,   15533.075,   15533.075,
Is_True,          17.9781%,
Analysis,STARLINK-3701 - STARLINK-1627,
       Rise,         Set, Duration (s),
    7188.942,    7970.050,     781.108,
   21235.077,   22072.958,     837.882,
   35383.131,   36082.026,     698.895,
   46792.957,   47203.761,     410.803,
Is_True,           3.1582%,
Analysis,STARLINK-3701 - STARLINK-1270,
       Rise,         Set, Duration (s),
   24693.307,   25466.659,     773.353,
   35709.789,   42629.344,    6919.555,
   49790.591,   51024.587,    1233.996,
Is_True,          10.3321%,
Analysis,STARLINK-3701 - STARLINK-2134,
       Rise,         Set, Duration (s),
   60555.565,   67979.854,    7424.289,
   68794.542,   79163.263,   10368.721,
   83121.990,   86400.000,    3278.010,
Is_True,          24.3878%,
Analysis,STARLINK-3701 - STARLINK-3527,
       Rise,         Set, Duration (s),
Is_True,           0.0000%,
Analysis,STARLINK-3701 - STARLINK-2336,
       Rise,         Set, Duration (s),
   32260.017,   32566.206,     306.189,
   46135.628,   46854.197,     718.569,
   57342.122,   58181.277,     839.155,
   71438.527,   72256.208,     817.681,
   82785.288,   83452.224,     666.936,
Is_True,           3.8756%,
Analysis,STARLINK-3701 - STARLINK-3528,
       Rise,         Set, Duration (s),
   71548.917,   72427.845,     878.928,
   82765.218,   86400.000,    3634.782,
Is_True,           5.2242%,
Analysis,STARLINK-3701 - STARLINK-3716,
       Rise,         Set, Duration (s),
Is_True,           0.0000%,
Analysis,STARLINK-3701 - STARLINK-1649,
       Rise,         Set, Duration (s),
   14344.175,   21163.636,    6819.461,
   28094.004,   35330.365,    7236.361,
   36561.581,   43616.065,    7054.484,
Is_True,          24.4332%,
Analysis,STARLINK-3701 - STARLINK-1052,
       Rise,         Set, Duration (s),
    6545.005,    7602.967,    1057.962,
   17848.115,   18769.908,     921.793,
   32196.527,   32519.456,     322.928,
Is_True,           2.6651%,
Analysis,STARLINK-3701 - STARLINK-3524,
       Rise,         Set, Duration (s),
Is_True,           0.0000%,
Analysis,STARLINK-3701 - STARLINK-2325,
       Rise,         Set, Duration (s),
       0.000,     211.575,     211.575,
Is_True,           0.2449%,
Analysis,STARLINK-3701 - STARLINK-2451,
       Rise,         Set, Duration (s),
   64360.005,   64912.025,     552.020,
   75233.518,   82279.342,    7045.824,
   83591.791,   86400.000,    2808.209,
Is_True,          12.0440%,
Analysis,STARLINK-3701 - STARLINK-24,
       Rise,         Set, Duration (s),
Is_True,           0.0000%,
Analysis,STARLINK-3701 - STARLINK-1998,
       Rise,         Set, Duration (s),
Is_True,           0.0000%,
Analysis,STARLINK-3701 - STARLINK-1846,
       Rise,         Set, Duration (s),
   82326.086,   83033.554,     707.468,
Is_True,           0.8188%,
Analysis,STARLINK-3701 - STARLINK-1197,
       Rise,         Set, Duration (s),
       0.000,    6561.038,    6561.038,
    7998.419,   20873.387,   12874.968,
   21920.422,   31896.494,    9976.072,
   39497.067,   39838.190,     341.123,
Is_True,          34.4366%,
Analysis,STARLINK-3701 - STARLINK-1551,
       Rise,         Set, Duration (s),
Is_True,           0.0000%,
Analysis,STARLINK-3701 - STARLINK-3814,
       Rise,         Set, Duration (s),
   56978.922,   57611.772,     632.850,
   67798.103,   68483.284,     685.181,
   78773.488,   79209.312,     435.824,
Is_True,           2.0299%,
Analysis,STARLINK-3701 - STARLINK-2645,
       Rise,         Set, Duration (s),
   28511.011,   28878.355,     367.344,
   39418.849,   46189.645,    6770.796,
   53400.717,   54656.257,    1255.540,
   61940.379,   68523.352,    6582.973,
Is_True,          17.3341%,
Analysis,STARLINK-3701 - STARLINK-1647,
       Rise,         Set, Duration (s),
   24491.047,   25221.233,     730.186,
   35623.209,   36611.529,     988.320,
   49711.712,   50678.746,     967.034,
   61114.243,   61808.220,     693.977,
Is_True,           3.9115%,
Analysis,STARLINK-3701 - STARLINK-3087,
       Rise,         Set, Duration (s),
   74858.824,   75828.643,     969.819,
   85912.545,   86400.000,     487.455,
Is_True,           1.6867%,
Analysis,STARLINK-3701 - STARLINK-2214,
       Rise,         Set, Duration (s),
   72090.951,   86400.000,   14309.049,
Is_True,          16.5614%,
Analysis,STARLINK-3701 - STARLINK-3567,
       Rise,         Set, Duration (s),
       0.000,    3942.389,    3942.389,
   13716.199,   14969.895,    1253.696,
   24749.921,   25990.853,    1240.932,
   33044.223,   42510.109,    9465.886,
   49638.753,   50754.480,    1115.728,
   60720.520,   61753.063,    1032.543,
   71818.582,   72743.129,     924.547,
   85704.553,   86400.000,     695.447,
Is_True,          22.7676%,
Analysis,STARLINK-3701 - STARLINK-3596,
       Rise,         Set, Duration (s),
Is_True,           0.0000%,
Analysis,STARLINK-3701 - IOAG-Equatorial,
       Rise,         Set, Duration (s),
       0.000,    1523.563,    1523.563,
    5697.317,   13904.162,    8206.845,
   15903.149,   24994.238,    9091.089,
   26994.672,   30536.348,    3541.676,
   32540.445,   41641.755,    9101.310,
   49695.550,   52768.710,    3073.160,
   54808.530,   63880.706,    9072.176,
   65925.403,   74977.562,    9052.160,
   77027.153,   86094.586,    9067.433,
Is_True,          71.4461%,
Analysis,STARLINK-3701 - IOAG-North1,
       Rise,         Set, Duration (s),
       0.000,    2766.370,    2766.370,
    4753.274,   13863.943,    9110.669,
   15871.141,   24980.526,    9109.385,
   26999.116,   30544.148,    3545.032,
   32564.145,   41640.098,    9075.953,
   43656.998,   52733.848,    9076.850,
   54774.315,   63852.058,    9077.743,
   65907.487,   74986.076,    9078.590,
   77048.552,   86089.064,    9040.511,
Is_True,          80.8809%,
Analysis,STARLINK-3701 - IOAG-North2,
       Rise,         Set, Duration (s),
       0.000,    2777.201,    2777.201,
    4775.529,   13898.869,    9123.340,
   15886.154,   24969.567,    9083.412,
   26977.763,   30518.015,    3540.252,
   32537.175,   41631.140,    9093.965,
   43665.756,   52759.993,    9094.236,
   54801.408,   63859.388,    9057.980,
   65899.454,   74959.823,    9060.369,
   77021.333,   86083.347,    9062.014,
Is_True,          80.8944%,
Analysis,STARLINK-3701 - IOAG-South1,
       Rise,         Set, Duration (s),
       0.000,    2800.519,    2800.519,
    4772.925,   13899.783,    9126.858,
   15873.842,   24994.656,    9120.814,
   26984.282,   30542.006,    3557.724,
   38118.894,   41659.279,    3540.385,
   43681.170,   52773.588,    9092.418,
   54793.112,   63879.111,    9085.999,
   65907.994,   74982.349,    9074.355,
   77033.702,   86111.952,    9078.249,
Is_True,          74.6265%,
Analysis,STARLINK-3701 - IOAG-South2,
       Rise,         Set, Duration (s),
       0.000,    2790.899,    2790.899,
    4757.003,   13142.663,    8385.660,
   15887.398,   25004.676,    9117.278,
   27000.009,   30557.599,    3557.591,
   32552.842,   41658.515,    9105.673,
   43663.029,   52757.217,    9094.188,
   60360.253,   63880.538,    3520.285,
   65924.816,   74999.386,    9074.570,
   77042.700,   86109.685,    9066.985,
Is_True,          73.7420%,
Analysis,STARLINK-2524 - STARLINK-3458,
       Rise,         Set, Duration (s),
   60801.430,   61420.084,     618.653,
   71826.300,   72688.581,     862.280,
   85924.664,   86400.000,     475.336,
Is_True,           2.2642%,
Analysis,STARLINK-2524 - STARLINK-1115,
       Rise,         Set, Duration (s),
Is_True,           0.0000%,
Analysis,STARLINK-2524 - STARLINK-3281,
       Rise,         Set, Duration (s),
       0.000,     478.534,     478.534,
   14151.954,   14807.529,     655.574,
   28459.031,   29133.099,     674.069,
   42763.175,   43461.017,     697.841,
   57071.450,   57785.505,     714.055,
   71376.682,   72112.498,     735.816,
   85686.037,   86400.000,     713.963,
Is_True,           5.4049%,
Analysis,STARLINK-2524 - STARLINK-3052,
       Rise,         Set, Duration (s),
       0.000,   28678.957,   28678.957,
   29215.274,   42940.610,   13725.336,
   43730.438,   57196.293,   13465.855,
   58209.488,   71451.179,   13241.691,
   78543.837,   85677.113,    7133.276,
Is_True,          88.2467%,
Analysis,STARLINK-2524 - STARLINK-1395,
       Rise,         Set, Duration (s),
       0.000,   86400.000,   86400.000,
Is_True,         100.0000%,
Analysis,STARLINK-2524 - STARLINK-2109,
       Rise,         Set, Duration (s),
Is_True,           0.0000%,
Analysis,STARLINK-2524 - STARLINK-1627,
       Rise,         Set, Duration (s),
Is_True,           0.0000%,
Analysis,STARLINK-2524 - STARLINK-1270,
       Rise,         Set, Duration (s),
    6882.410,    7398.109,     515.700,
   21229.868,   21712.951,     483.082,
   35542.743,   36061.131,     518.387,
Is_True,           1.7560%,
Analysis,STARLINK-2524 - STARLINK-2134,
       Rise,         Set, Duration (s),
       0.000,   25168.429,   25168.429,
   25714.762,   39493.133,   13778.371,
   40029.189,   53829.001,   13799.813,
   54377.174,   68153.653,   13776.479,
   68691.572,   82489.597,   13798.026,
   83039.577,   86400.000,    3360.423,
Is_True,          96.8536%,
Analysis,STARLINK-2524 - STARLINK-3527,
       Rise,         Set, Duration (s),
    2958.160,    3902.836,     944.676,
   14306.573,   15152.522,     845.949,
   28591.174,   29122.430,     531.256,
Is_True,           2.6874%,
Analysis,STARLINK-2524 - STARLINK-2336,
       Rise,         Set, Duration (s),
       0.000,    3613.633,    3613.633,
   14146.142,   15078.448,     932.306,
   28475.943,   29410.762,     934.820,
   42808.179,   43740.485,     932.306,
   57137.975,   58072.801,     934.826,
   71470.214,   72402.519,     932.305,
   85800.006,   86400.000,     599.994,
Is_True,          10.2780%,
Analysis,STARLINK-2524 - STARLINK-3528,
       Rise,         Set, Duration (s),
       0.000,    3787.118,    3787.118,
   14324.185,   18109.464,    3785.279,
   28647.617,   32423.056,    3775.438,
   42980.798,   43877.158,     896.360,
   57304.491,   58198.916,     894.425,
   71638.123,   72511.702,     873.579,
   85962.091,   86400.000,     437.909,
Is_True,          16.7247%,
Analysis,STARLINK-2524 - STARLINK-3716,
       Rise,         Set, Duration (s),
   67900.662,   86400.000,   18499.338,
Is_True,          21.4113%,
Analysis,STARLINK-2524 - STARLINK-1649,
       Rise,         Set, Duration (s),
Is_True,           0.0000%,
Analysis,STARLINK-2524 - STARLINK-1052,
       Rise,         Set, Duration (s),
Is_True,           0.0000%,
Analysis,STARLINK-2524 - STARLINK-3524,
       Rise,         Set, Duration (s),
Is_True,           0.0000%,
Analysis,STARLINK-2524 - STARLINK-2325,
       Rise,         Set, Duration (s),
Is_True,           0.0000%,
Analysis,STARLINK-2524 - STARLINK-2451,
       Rise,         Set, Duration (s),
    6766.472,    7743.570,     977.098,
   21110.455,   22062.086,     951.631,
   35428.916,   36404.650,     975.734,
   49772.933,   50723.134,     950.202,
   64091.349,   65065.745,     974.396,
   75556.319,   79384.197,    3827.878,
Is_True,          10.0196%,
Analysis,STARLINK-2524 - STARLINK-24,
       Rise,         Set, Duration (s),
Is_True,           0.0000%,
Analysis,STARLINK-2524 - STARLINK-1998,
       Rise,         Set, Duration (s),
Is_True,           0.0000%,
Analysis,STARLINK-2524 - STARLINK-1846,
       Rise,         Set, Duration (s),
Is_True,           0.0000%,
Analysis,STARLINK-2524 - STARLINK-1197,
       Rise,         Set, Duration (s),
Is_True,           0.0000%,
Analysis,STARLINK-2524 - STARLINK-1551,
       Rise,         Set, Duration (s),
Is_True,           0.0000%,
Analysis,STARLINK-2524 - STARLINK-3814,
       Rise,         Set, Duration (s),
   67781.812,   68539.897,     758.085,
Is_True,           0.8774%,
Analysis,STARLINK-2524 - STARLINK-2645,
       Rise,         Set, Duration (s),
   10292.407,   11342.490,    1050.083,
   24613.624,   25682.167,    1068.543,
   38954.023,   40004.590,    1050.566,
   53275.228,   54344.285,    1069.057,
   64739.870,   68666.684,    3926.814,
   79080.291,   83006.397,    3926.106,
Is_True,          13.9944%,
Analysis,STARLINK-2524 - STARLINK-1647,
       Rise,         Set, Duration (s),
    6614.191,    7222.957,     608.766,
   46743.007,   47349.440,     606.433,
   61082.975,   61671.888,     588.913,
   75406.404,   76011.215,     604.810,
Is_True,           2.7881%,
Analysis,STARLINK-2524 - STARLINK-3087,
       Rise,         Set, Duration (s),
Is_True,           0.0000%,
Analysis,STARLINK-2524 - STARLINK-2214,
       Rise,         Set, Duration (s),
    6489.289,    7725.465,    1236.176,
   15112.496,   22035.884,    6923.387,
   29419.016,   36387.369,    6968.354,
   46616.306,   50697.712,    4081.406,
   60972.022,   65049.278,    4077.256,
   75278.450,   79359.545,    4081.094,
Is_True,          31.6755%,
Analysis,STARLINK-2524 - STARLINK-3567,
       Rise,         Set, Duration (s),
   46548.635,   53421.242,    6872.607,
   60461.483,   61817.969,    1356.486,
Is_True,           9.5244%,
Analysis,STARLINK-2524 - STARLINK-3596,
       Rise,         Set, Duration (s),
    3484.631,    4294.620,     809.988,
   17397.125,   18370.757,     973.631,
   28772.253,   29389.141,     616.888,
Is_True,           2.7784%,
Analysis,STARLINK-2524 - IOAG-Equatorial,
       Rise,         Set, Duration (s),
       0.000,     601.020,     601.020,
    8269.523,   17870.668,    9601.145,
   19788.548,   23611.664,    3823.116,
   25531.209,   35092.436,    9561.227,
   37024.804,   45448.138,    8423.334,
   49649.928,   52356.865,    2706.937,
   54327.103,   63852.438,    9525.335,
   65831.805,   75328.371,    9496.566,
   77314.962,   81071.806,    3756.844,
   83067.998,   86400.000,    3332.002,
Is_True,          70.4022%,
Analysis,STARLINK-2524 - IOAG-North1,
       Rise,         Set, Duration (s),
       0.000,    6329.552,    6329.552,
    8238.590,   17833.244,    9594.654,
   19765.507,   23590.986,    3825.479,
   25530.689,   35113.402,    9582.713,
   37048.818,   46578.336,    9529.517,
   48535.779,   52321.299,    3785.519,
   54292.439,   63822.331,    9529.892,
   65813.556,   75337.506,    9523.950,
   77338.315,   81087.629,    3749.314,
   83077.885,   86400.000,    3322.115,
Is_True,          79.5980%,
Analysis,STARLINK-2524 - IOAG-North2,
       Rise,         Set, Duration (s),
       0.000,    6351.000,    6351.000,
    8265.417,   17854.732,    9589.315,
   19759.482,   23585.535,    3826.054,
   25510.375,   35077.165,    9566.790,
   37029.491,   46587.208,    9557.717,
   48556.409,   52347.179,    3790.771,
   54319.914,   63831.075,    9511.161,
   65804.702,   75309.548,    9504.846,
   77310.445,   81057.688,    3747.242,
   83068.601,   86400.000,    3331.399,
Is_True,          79.6022%,
Analysis,STARLINK-2524 - IOAG-South1,
       Rise,         Set, Duration (s),
       0.000,    6371.822,    6371.822,
    8251.662,   17868.215,    9616.553,
   19758.210,   23612.757,    3854.547,
   25514.632,   35016.558,    9501.926,
   37045.953,   46615.170,    9569.217,
   48560.181,   52364.303,    3804.122,
   54310.449,   63852.805,    9542.356,
   65812.007,   75333.578,    9521.571,
   77322.699,   81081.709,    3759.010,
   83091.579,   86400.000,    3308.421,
Is_True,          79.6870%,
Analysis,STARLINK-2524 - IOAG-South2,
       Rise,         Set, Duration (s),
       0.000,    6358.113,    6358.113,
    8241.724,   17861.493,    9619.769,
   19780.752,   23619.820,    3839.068,
   25533.082,   35118.697,    9585.615,
   37035.658,   46606.027,    9570.369,
   48543.117,   52347.257,    3804.140,
   60072.642,   63852.635,    3779.993,
   65830.476,   75351.984,    9521.508,
   77330.337,   81095.812,    3765.475,
   83079.338,   86400.000,    3320.662,
Is_True,          73.1073%,
Analysis,STARLINK-3458 - STARLINK-1115,
       Rise,         Set, Duration (s),
       0.000,    5709.294,    5709.294,
   84346.420,   86400.000,    2053.580,
Is_True,           8.9848%,
Analysis,STARLINK-3458 - STARLINK-3281,
       Rise,         Set, Duration (s),
   67696.352,   68649.847,     953.495,
   78510.813,   80052.006,    1541.193,
Is_True,           2.8874%,
Analysis,STARLINK-3458 - STARLINK-3052,
       Rise,         Set, Duration (s),
   46579.682,   47471.239,     891.557,
   60519.240,   61442.505,     923.265,
Is_True,           2.1005%,
Analysis,STARLINK-3458 - STARLINK-1395,
       Rise,         Set, Duration (s),
   49631.324,   50429.813,     798.489,
   60637.742,   61693.461,    1055.719,
Is_True,           2.1461%,
Analysis,STARLINK-3458 - STARLINK-2109,
       Rise,         Set, Duration (s),
   17141.389,   18002.983,     861.594,
   28211.850,   29189.764,     977.914,
Is_True,           2.1291%,
Analysis,STARLINK-3458 - STARLINK-1627,
       Rise,         Set, Duration (s),
   45985.494,   50241.574,    4256.079,
   51087.409,   64014.046,   12926.638,
Is_True,          19.8874%,
Analysis,STARLINK-3458 - STARLINK-1270,
       Rise,         Set, Duration (s),
   43611.245,   61666.524,   18055.278,
Is_True,          20.8973%,
Analysis,STARLINK-3458 - STARLINK-2134,
       Rise,         Set, Duration (s),
   60245.043,   64169.314,    3924.270,
   65633.662,   72562.857,    6929.195,
Is_True,          12.5619%,
Analysis,STARLINK-3458 - STARLINK-3527,
       Rise,         Set, Duration (s),
Is_True,           0.0000%,
Analysis,STARLINK-3458 - STARLINK-2336,
       Rise,         Set, Duration (s),
   67627.972,   86400.000,   18772.028,
Is_True,          21.7269%,
Analysis,STARLINK-3458 - STARLINK-3528,
       Rise,         Set, Duration (s),
   69221.265,   86400.000,   17178.735,
Is_True,          19.8828%,
Analysis,STARLINK-3458 - STARLINK-3716,
       Rise,         Set, Duration (s),
   28323.418,   28971.279,     647.861,
   39234.147,   39980.389,     746.242,
   50184.936,   50957.418,     772.482,
   61173.533,   61904.853,     731.320,
Is_True,           3.3541%,
Analysis,STARLINK-3458 - STARLINK-1649,
       Rise,         Set, Duration (s),
   64460.048,   65246.571,     786.523,
Is_True,           0.9103%,
Analysis,STARLINK-3458 - STARLINK-1052,
       Rise,         Set, Duration (s),
   53894.421,   54710.044,     815.623,
   67781.216,   68628.086,     846.870,
Is_True,           1.9242%,
Analysis,STARLINK-3458 - STARLINK-3524,
       Rise,         Set, Duration (s),
       0.000,   17524.297,   17524.297,
Is_True,          20.2828%,
Analysis,STARLINK-3458 - STARLINK-2325,
       Rise,         Set, Duration (s),
   18856.175,   36967.242,   18111.067,
Is_True,          20.9619%,
Analysis,STARLINK-3458 - STARLINK-2451,
       Rise,         Set, Duration (s),
       0.000,     265.703,     265.703,
   10652.882,   11350.440,     697.557,
Is_True,           1.1149%,
Analysis,STARLINK-3458 - STARLINK-24,
       Rise,         Set, Duration (s),
   10254.932,   10874.854,     619.923,
   21577.911,   21682.877,     104.966,
Is_True,           0.8390%,
Analysis,STARLINK-3458 - STARLINK-1998,
       Rise,         Set, Duration (s),
    3409.518,    4311.487,     901.969,
   11580.247,   18309.480,    6729.232,
Is_True,           8.8324%,
Analysis,STARLINK-3458 - STARLINK-1846,
       Rise,         Set, Duration (s),
       0.000,    7035.084,    7035.084,
   86332.371,   86400.000,      67.629,
Is_True,           8.2207%,
Analysis,STARLINK-3458 - STARLINK-1197,
       Rise,         Set, Duration (s),
   25055.014,   25743.418,     688.404,
   32999.344,   42732.482,    9733.138,
Is_True,          12.0620%,
Analysis,STARLINK-3458 - STARLINK-1551,
       Rise,         Set, Duration (s),
    6627.217,    7252.101,     624.884,
   17654.991,   18495.720,     840.728,
Is_True,           1.6963%,
Analysis,STARLINK-3458 - STARLINK-3814,
       Rise,         Set, Duration (s),
Is_True,           0.0000%,
Analysis,STARLINK-3458 - STARLINK-2645,
       Rise,         Set, Duration (s),
   75437.842,   76145.500,     707.658,
Is_True,           0.8190%,
Analysis,STARLINK-3458 - STARLINK-1647,
       Rise,         Set, Duration (s),
   43491.656,   65163.412,   21671.756,
Is_True,          25.0831%,
Analysis,STARLINK-3458 - STARLINK-3087,
       Rise,         Set, Duration (s),
   68077.409,   69018.007,     940.598,
   76213.974,   83103.781,    6889.808,
Is_True,           9.0630%,
Analysis,STARLINK-3458 - STARLINK-2214,
       Rise,         Set, Duration (s),
       0.000,     105.972,     105.972,
   10614.218,   11102.105,     487.887,
   85817.503,   86400.000,     582.497,
Is_True,           1.3615%,
Analysis,STARLINK-3458 - STARLINK-3567,
       Rise,         Set, Duration (s),
   57468.143,   58342.671,     874.528,
   65508.180,   75031.902,    9523.722,
   76282.165,   86068.469,    9786.304,
Is_True,          23.3618%,
Analysis,STARLINK-3458 - STARLINK-3596,
       Rise,         Set, Duration (s),
Is_True,           0.0000%,
Analysis,STARLINK-3458 - IOAG-Equatorial,
       Rise,         Set, Duration (s),
    6388.500,    9815.705,    3427.205,
   11810.284,   20686.765,    8876.481,
   22653.666,   31544.698,    8891.031,
   33497.386,   42431.423,    8934.037,
   49777.161,   53350.717,    3573.556,
   55207.038,   64254.728,    9047.690,
   66066.939,   75136.708,    9069.769,
   76927.043,   86058.328,    9131.285,
Is_True,          70.5452%,
Analysis,STARLINK-3458 - IOAG-North1,
       Rise,         Set, Duration (s),
     957.670,    9777.387,    8819.717,
   11780.775,   20655.586,    8874.812,
   22626.177,   31557.652,    8931.474,
   33497.396,   42425.528,    8928.133,
   44336.036,   53303.410,    8967.374,
   55172.507,   64216.627,    9044.120,
   66033.944,   75157.920,    9123.976,
   76926.635,   86051.917,    9125.282,
Is_True,          83.1191%,
Analysis,STARLINK-3458 - IOAG-North2,
       Rise,         Set, Duration (s),
     946.266,    9806.375,    8860.109,
   11807.079,   20662.634,    8855.555,
   22638.602,   31525.162,    8886.561,
   33468.754,   42419.774,    8951.020,
   44322.394,   53340.159,    9017.765,
   55204.206,   64220.429,    9016.223,
   66049.102,   75116.019,    9066.917,
   76890.856,   86051.136,    9160.280,
Is_True,          83.1186%,
Analysis,STARLINK-3458 - IOAG-South1,
       Rise,         Set, Duration (s),
     981.656,    9819.121,    8837.465,
   11833.961,   20684.241,    8850.280,
   22673.660,   31551.586,    8877.926,
   38920.654,   42453.162,    3532.508,
   44364.910,   53349.474,    8984.564,
   55237.042,   64241.925,    9004.883,
   66092.636,   75142.492,    9049.856,
   76928.441,   86090.741,    9162.300,
Is_True,          76.7359%,
Analysis,STARLINK-3458 - IOAG-South2,
       Rise,         Set, Duration (s),
     989.844,    9803.299,    8813.456,
   17226.286,   20686.247,    3459.961,
   22664.723,   31569.067,    8904.343,
   33526.924,   42447.319,    8920.395,
   44374.775,   53330.113,    8955.339,
   60631.238,   64253.073,    3621.835,
   66081.580,   75163.837,    9082.257,
   76963.748,   86072.097,    9108.349,
Is_True,          70.4467%,
Analysis,STARLINK-1115 - STARLINK-3281,
       Rise,         Set, Duration (s),
Is_True,           0.0000%,
Analysis,STARLINK-1115 - STARLINK-3052,
       Rise,         Set, Duration (s),
Is_True,           0.0000%,
Analysis,STARLINK-1115 - STARLINK-1395,
       Rise,         Set, Duration (s),
Is_True,           0.0000%,
Analysis,STARLINK-1115 - STARLINK-2109,
       Rise,         Set, Duration (s),
Is_True,           0.0000%,
Analysis,STARLINK-1115 - STARLINK-1627,
       Rise,         Set, Duration (s),
Is_True,           0.0000%,
Analysis,STARLINK-1115 - STARLINK-1270,
       Rise,         Set, Duration (s),
Is_True,           0.0000%,
Analysis,STARLINK-1115 - STARLINK-2134,
       Rise,         Set, Duration (s),
Is_True,           0.0000%,
Analysis,STARLINK-1115 - STARLINK-3527,
       Rise,         Set, Duration (s),
   21428.215,   70776.523,   49348.308,
Is_True,          57.1161%,
Analysis,STARLINK-1115 - STARLINK-2336,
       Rise,         Set, Duration (s),
Is_True,           0.0000%,
Analysis,STARLINK-1115 - STARLINK-3528,
       Rise,         Set, Duration (s),
Is_True,           0.0000%,
Analysis,STARLINK-1115 - STARLINK-3716,
       Rise,         Set, Duration (s),
Is_True,           0.0000%,
Analysis,STARLINK-1115 - STARLINK-1649,
       Rise,         Set, Duration (s),
Is_True,           0.0000%,
Analysis,STARLINK-1115 - STARLINK-1052,
       Rise,         Set, Duration (s),
Is_True,           0.0000%,
Analysis,STARLINK-1115 - STARLINK-3524,
       Rise,         Set, Duration (s),
       0.000,   25090.905,   25090.905,
   25477.164,   39160.607,   13683.442,
   40182.717,   53228.997,   13046.280,
   60424.656,   61769.698,    1345.042,
   75110.868,   75763.085,     652.217,
Is_True,          62.2892%,
Analysis,STARLINK-1115 - STARLINK-2325,
       Rise,         Set, Duration (s),
Is_True,           0.0000%,
Analysis,STARLINK-1115 - STARLINK-2451,
       Rise,         Set, Duration (s),
       0.000,     365.350,     365.350,
   13867.885,   14699.680,     831.796,
   28202.543,   29026.891,     824.348,
   42529.657,   43361.240,     831.583,
   53994.366,   57688.437,    3694.071,
   68329.048,   72022.805,    3693.756,
   82656.140,   83487.432,     831.292,
Is_True,          12.8150%,
Analysis,STARLINK-1115 - STARLINK-24,
       Rise,         Set, Duration (s),
   10569.179,   11355.998,     786.819,
   24847.622,   25538.066,     690.444,
   39149.453,   39697.226,     547.773,
Is_True,           2.3438%,
Analysis,STARLINK-1115 - STARLINK-1998,
       Rise,         Set, Duration (s),
Is_True,           0.0000%,
Analysis,STARLINK-1115 - STARLINK-1846,
       Rise,         Set, Duration (s),
       0.000,   86400.000,   86400.000,
Is_True,         100.0000%,
Analysis,STARLINK-1115 - STARLINK-1197,
       Rise,         Set, Duration (s),
Is_True,           0.0000%,
Analysis,STARLINK-1115 - STARLINK-1551,
       Rise,         Set, Duration (s),
Is_True,           0.0000%,
Analysis,STARLINK-1115 - STARLINK-3814,
       Rise,         Set, Duration (s),
   60659.267,   61666.727,    1007.460,
   71732.389,   72549.890,     817.501,
Is_True,           2.1122%,
Analysis,STARLINK-1115 - STARLINK-2645,
       Rise,         Set, Duration (s),
    3050.353,    3979.593,     929.241,
   17386.516,   18305.216,     918.699,
   31712.047,   32641.425,     929.378,
   43176.726,   46967.025,    3790.300,
   57512.919,   61303.257,    3790.338,
   71838.422,   75628.836,    3790.413,
   86174.636,   86400.000,     225.364,
Is_True,          16.6363%,
Analysis,STARLINK-1115 - STARLINK-1647,
       Rise,         Set, Duration (s),
Is_True,           0.0000%,
Analysis,STARLINK-1115 - STARLINK-3087,
       Rise,         Set, Duration (s),
    6714.522,    7873.928,    1159.406,
   21176.443,   22190.817,    1014.374,
   35680.525,   36465.952,     785.428,
   50202.597,   50722.886,     520.289,
Is_True,           4.0272%,
Analysis,STARLINK-1115 - STARLINK-2214,
       Rise,         Set, Duration (s),
       0.000,     259.806,     259.806,
   13682.243,   14591.929,     909.686,
   25147.006,   28921.742,    3774.736,
   39479.201,   43253.875,    3774.674,
   53808.913,   54718.654,     909.740,
   68141.119,   69048.451,     907.332,
   82470.820,   83380.599,     909.779,
Is_True,          13.2474%,
Analysis,STARLINK-1115 - STARLINK-3567,
       Rise,         Set, Duration (s),
   78996.944,   79578.152,     581.208,
Is_True,           0.6727%,
Analysis,STARLINK-1115 - STARLINK-3596,
       Rise,         Set, Duration (s),
   32527.015,   59056.830,   26529.815,
Is_True,          30.7058%,
Analysis,STARLINK-1115 - IOAG-Equatorial,
       Rise,         Set, Duration (s),
    6898.882,   16792.829,    9893.947,
   18363.279,   28289.783,    9926.504,
   29826.809,   45441.681,   15614.872,
   49650.904,   57217.660,    7566.756,
   58459.680,   74508.493,   16048.813,
   75642.675,   86103.932,   10461.257,
Is_True,          80.4539%,
Analysis,STARLINK-1115 - IOAG-North1,
       Rise,         Set, Duration (s),
    1154.206,   16739.581,   15585.376,
   18323.708,   28302.907,    9979.200,
   29803.219,   45581.629,   15778.411,
   46984.452,   57144.377,   10159.925,
   58411.943,   74565.325,   16153.382,
   75615.781,   86104.561,   10488.780,
Is_True,          90.4457%,
Analysis,STARLINK-1115 - IOAG-North2,
       Rise,         Set, Duration (s),
    1136.101,   16765.893,   15629.792,
   18365.935,   28263.492,    9897.557,
   29789.318,   45610.380,   15821.062,
   46972.291,   57194.042,   10221.751,
   58477.983,   86147.878,   27669.895,
Is_True,          91.7130%,
Analysis,STARLINK-1115 - IOAG-South1,
       Rise,         Set, Duration (s),
    1185.087,   16763.518,   15578.431,
   18402.525,   28285.011,    9882.486,
   29843.297,   45628.540,   15785.243,
   47043.945,   57160.600,   10116.656,
   58522.348,   74505.214,   15982.866,
   75651.754,   86161.178,   10509.423,
Is_True,          90.1101%,
Analysis,STARLINK-1115 - IOAG-South2,
       Rise,         Set, Duration (s),
    1198.702,   10992.007,    9793.305,
   18362.280,   28306.808,    9944.528,
   29863.019,   45596.272,   15733.253,
   47049.234,   56909.663,    9860.429,
   58450.521,   74523.282,   16072.761,
   75701.630,   86082.682,   10381.052,
Is_True,          83.0849%,
Analysis,STARLINK-3281 - STARLINK-3052,
       Rise,         Set, Duration (s),
       0.000,     414.633,     414.633,
   13931.549,   14764.395,     832.846,
   28302.339,   29114.096,     811.758,
   42678.264,   43458.953,     780.689,
   57054.834,   57803.004,     748.171,
   71435.870,   72143.032,     707.162,
   85818.389,   86400.000,     581.611,
Is_True,           5.6445%,
Analysis,STARLINK-3281 - STARLINK-1395,
       Rise,         Set, Duration (s),
       0.000,     689.638,     689.638,
   14090.737,   15002.948,     912.211,
   28408.649,   29316.869,     908.220,
   42728.105,   43629.702,     901.597,
   57046.771,   57942.978,     896.207,
   71366.884,   72255.341,     888.457,
   85686.302,   86400.000,     713.698,
Is_True,           6.8403%,
Analysis,STARLINK-3281 - STARLINK-2109,
       Rise,         Set, Duration (s),
Is_True,           0.0000%,
Analysis,STARLINK-3281 - STARLINK-1627,
       Rise,         Set, Duration (s),
Is_True,           0.0000%,
Analysis,STARLINK-3281 - STARLINK-1270,
       Rise,         Set, Duration (s),
Is_True,           0.0000%,
Analysis,STARLINK-3281 - STARLINK-2134,
       Rise,         Set, Duration (s),
       0.000,     272.717,     272.717,
   10742.977,   14586.877,    3843.900,
   25060.753,   28906.312,    3845.559,
   39373.385,   43219.826,    3846.441,
   53692.002,   54672.613,     980.611,
   68005.493,   68990.991,     985.498,
   82324.946,   83303.610,     978.664,
Is_True,          17.0757%,
Analysis,STARLINK-3281 - STARLINK-3527,
       Rise,         Set, Duration (s),
       0.000,    2955.998,    2955.998,
    4163.402,   11415.765,    7252.364,
   21252.750,   25293.614,    4040.864,
Is_True,          16.4922%,
Analysis,STARLINK-3281 - STARLINK-2336,
       Rise,         Set, Duration (s),
       0.000,   86400.000,   86400.000,
Is_True,         100.0000%,
Analysis,STARLINK-3281 - STARLINK-3528,
       Rise,         Set, Duration (s),
    4152.674,   11354.409,    7201.735,
   18464.559,   25661.022,    7196.462,
   32759.319,   42836.327,   10077.008,
   49923.919,   57155.166,    7231.247,
   64236.870,   71460.835,    7223.965,
   78532.563,   85779.037,    7246.475,
Is_True,          53.4455%,
Analysis,STARLINK-3281 - STARLINK-3716,
       Rise,         Set, Duration (s),
   46337.447,   47025.252,     687.805,
   57526.841,   58353.463,     826.621,
   71591.183,   72440.517,     849.334,
   85746.182,   86400.000,     653.818,
Is_True,           3.4926%,
Analysis,STARLINK-3281 - STARLINK-1649,
       Rise,         Set, Duration (s),
     469.319,    7556.716,    7087.397,
   17639.753,   24744.876,    7105.124,
   31940.988,   39074.028,    7133.039,
   46260.847,   53388.310,    7127.463,
   60564.433,   67715.236,    7150.803,
   74886.535,   76299.932,    1413.398,
   83466.463,   86400.000,    2933.537,
Is_True,          46.2393%,
Analysis,STARLINK-3281 - STARLINK-1052,
       Rise,         Set, Duration (s),
   21497.605,   22238.921,     741.316,
   35726.965,   36589.675,     862.710,
   49903.307,   50983.678,    1080.372,
   64145.856,   65321.715,    1175.859,
   72651.622,   79697.020,    7045.398,
Is_True,          12.6223%,
Analysis,STARLINK-3281 - STARLINK-3524,
       Rise,         Set, Duration (s),
Is_True,           0.0000%,
Analysis,STARLINK-3281 - STARLINK-2325,
       Rise,         Set, Duration (s),
Is_True,           0.0000%,
Analysis,STARLINK-3281 - STARLINK-2451,
       Rise,         Set, Duration (s),
Is_True,           0.0000%,
Analysis,STARLINK-3281 - STARLINK-24,
       Rise,         Set, Duration (s),
Is_True,           0.0000%,
Analysis,STARLINK-3281 - STARLINK-1998,
       Rise,         Set, Duration (s),
Is_True,           0.0000%,
Analysis,STARLINK-3281 - STARLINK-1846,
       Rise,         Set, Duration (s),
Is_True,           0.0000%,
Analysis,STARLINK-3281 - STARLINK-1197,
       Rise,         Set, Duration (s),
Is_True,           0.0000%,
Analysis,STARLINK-3281 - STARLINK-1551,
       Rise,         Set, Duration (s),
Is_True,           0.0000%,
Analysis,STARLINK-3281 - STARLINK-3814,
       Rise,         Set, Duration (s),
   44465.178,   59377.277,   14912.098,
Is_True,          17.2594%,
Analysis,STARLINK-3281 - STARLINK-2645,
       Rise,         Set, Duration (s),
   60850.989,   61251.308,     400.320,
   75109.101,   75627.999,     518.898,
Is_True,           1.0639%,
Analysis,STARLINK-3281 - STARLINK-1647,
       Rise,         Set, Duration (s),
Is_True,           0.0000%,
Analysis,STARLINK-3281 - STARLINK-3087,
       Rise,         Set, Duration (s),
   10232.739,   10910.149,     677.410,
   24571.575,   25319.417,     747.842,
   38910.176,   39729.291,     819.115,
   50389.724,   54123.507,    3733.783,
   64748.736,   68518.449,    3769.713,
   79107.377,   82899.725,    3792.348,
Is_True,          15.6715%,
Analysis,STARLINK-3281 - STARLINK-2214,
       Rise,         Set, Duration (s),
Is_True,           0.0000%,
Analysis,STARLINK-3281 - STARLINK-3567,
       Rise,         Set, Duration (s),
   53807.721,   54622.828,     815.107,
   67762.969,   68700.950,     937.981,
   79072.553,   79823.524,     750.972,
Is_True,           2.8982%,
Analysis,STARLINK-3281 - STARLINK-3596,
       Rise,         Set, Duration (s),
   10528.519,   11518.446,     989.928,
   18797.308,   25585.909,    6788.601,
   35878.678,   36473.755,     595.077,
Is_True,           9.6917%,
Analysis,STARLINK-3281 - IOAG-Equatorial,
       Rise,         Set, Duration (s),
       0.000,    1534.510,    1534.510,
    5590.229,   13210.318,    7620.088,
   14866.088,   24675.266,    9809.178,
   26344.377,   41881.023,   15536.646,
   49722.077,   53374.672,    3652.595,
   55129.340,   70570.307,   15440.967,
   72349.542,   82032.299,    9682.756,
   83835.837,   86400.000,    2564.163,
Is_True,          76.2048%,
Analysis,STARLINK-3281 - IOAG-North1,
       Rise,         Set, Duration (s),
       0.000,   13216.390,   13216.390,
   14816.310,   24701.241,    9884.931,
   26348.859,   41885.548,   15536.689,
   43583.924,   53382.015,    9798.091,
   55090.404,   70593.026,   15502.621,
   72366.737,   82036.194,    9669.458,
   83844.765,   86400.000,    2555.235,
Is_True,          88.1521%,
Analysis,STARLINK-3281 - IOAG-North2,
       Rise,         Set, Duration (s),
       0.000,   13200.302,   13200.302,
   14848.038,   24678.319,    9830.282,
   26318.833,   41916.264,   15597.431,
   43600.594,   53378.507,    9777.913,
   55119.975,   70583.275,   15463.300,
   72340.488,   82065.240,    9724.751,
   83851.590,   86400.000,    2548.410,
Is_True,          88.1278%,
Analysis,STARLINK-3281 - IOAG-South1,
       Rise,         Set, Duration (s),
       0.000,   13153.744,   13153.744,
   14827.547,   24637.331,    9809.784,
   26326.125,   41889.162,   15563.036,
   43612.518,   53332.956,    9720.438,
   55095.976,   70545.233,   15449.257,
   72336.992,   82051.505,    9714.513,
   83865.799,   86400.000,    2534.201,
Is_True,          87.8993%,
Analysis,STARLINK-3281 - IOAG-South2,
       Rise,         Set, Duration (s),
       0.000,   13192.960,   13192.960,
   14838.158,   24657.037,    9818.879,
   26348.372,   41850.801,   15502.430,
   43583.737,   53348.956,    9765.220,
   55095.549,   70551.435,   15455.886,
   72352.120,   82008.288,    9656.168,
   83833.880,   86400.000,    2566.120,
Is_True,          87.9140%,
Analysis,STARLINK-3052 - STARLINK-1395,
       Rise,         Set, Duration (s),
       0.000,   86400.000,   86400.000,
Is_True,         100.0000%,
Analysis,STARLINK-3052 - STARLINK-2109,
       Rise,         Set, Duration (s),
Is_True,           0.0000%,
Analysis,STARLINK-3052 - STARLINK-1627,
       Rise,         Set, Duration (s),
    3060.324,    3890.916,     830.591,
   17419.160,   18282.822,     863.663,
   31788.279,   32664.168,     875.889,
   46151.874,   47051.308,     899.433,
   60525.046,   61428.618,     903.572,
   74893.120,   75811.277,     918.157,
   86391.928,   86400.000,       8.072,
Is_True,           6.1335%,
Analysis,STARLINK-3052 - STARLINK-1270,
       Rise,         Set, Duration (s),
       0.000,   86400.000,   86400.000,
Is_True,         100.0000%,
Analysis,STARLINK-3052 - STARLINK-2134,
       Rise,         Set, Duration (s),
       0.000,   49821.805,   49821.805,
   57177.478,   57927.242,     749.764,
Is_True,          58.5319%,
Analysis,STARLINK-3052 - STARLINK-3527,
       Rise,         Set, Duration (s),
       0.000,     644.311,     644.311,
Is_True,           0.7457%,
Analysis,STARLINK-3052 - STARLINK-2336,
       Rise,         Set, Duration (s),
       0.000,     360.018,     360.018,
   14157.126,   14684.107,     526.981,
   28581.285,   29010.676,     429.391,
   43044.065,   43298.873,     254.808,
Is_True,           1.8185%,
Analysis,STARLINK-3052 - STARLINK-3528,
       Rise,         Set, Duration (s),
Is_True,           0.0000%,
Analysis,STARLINK-3052 - STARLINK-3716,
       Rise,         Set, Duration (s),
   53746.343,   54266.763,     520.420,
   61627.260,   85743.781,   24116.520,
Is_True,          28.5150%,
Analysis,STARLINK-3052 - STARLINK-1649,
       Rise,         Set, Duration (s),
   10744.743,   11306.593,     561.850,
   25074.298,   25727.709,     653.411,
   39420.873,   40132.891,     712.018,
   53760.832,   54543.661,     782.829,
   68115.030,   68941.115,     826.085,
   82462.427,   83344.515,     882.088,
Is_True,           5.1138%,
Analysis,STARLINK-3052 - STARLINK-1052,
       Rise,         Set, Duration (s),
   14384.105,   14696.267,     312.162,
   28671.116,   29102.728,     431.611,
   42972.173,   43494.187,     522.014,
   57280.115,   57879.430,     599.315,
   71593.216,   72258.672,     665.456,
   85912.248,   86400.000,     487.752,
Is_True,           3.4934%,
Analysis,STARLINK-3052 - STARLINK-3524,
       Rise,         Set, Duration (s),
Is_True,           0.0000%,
Analysis,STARLINK-3052 - STARLINK-2325,
       Rise,         Set, Duration (s),
Is_True,           0.0000%,
Analysis,STARLINK-3052 - STARLINK-2451,
       Rise,         Set, Duration (s),
    6928.034,    7505.656,     577.621,
   21354.874,   21828.749,     473.875,
   35778.346,   36156.414,     378.067,
   50258.077,   50426.639,     168.562,
Is_True,           1.8497%,
Analysis,STARLINK-3052 - STARLINK-24,
       Rise,         Set, Duration (s),
Is_True,           0.0000%,
Analysis,STARLINK-3052 - STARLINK-1998,
       Rise,         Set, Duration (s),
Is_True,           0.0000%,
Analysis,STARLINK-3052 - STARLINK-1846,
       Rise,         Set, Duration (s),
Is_True,           0.0000%,
Analysis,STARLINK-3052 - STARLINK-1197,
       Rise,         Set, Duration (s),
Is_True,           0.0000%,
Analysis,STARLINK-3052 - STARLINK-1551,
       Rise,         Set, Duration (s),
Is_True,           0.0000%,
Analysis,STARLINK-3052 - STARLINK-3814,
       Rise,         Set, Duration (s),
   43046.761,   43638.505,     591.744,
Is_True,           0.6849%,
Analysis,STARLINK-3052 - STARLINK-2645,
       Rise,         Set, Duration (s),
   10311.900,   11221.778,     909.878,
   24682.181,   25601.930,     919.749,
   39060.857,   39973.549,     912.692,
   53434.962,   54349.995,     915.033,
   67817.908,   68717.293,     899.386,
   82195.972,   83089.903,     893.931,
Is_True,           6.3086%,
Analysis,STARLINK-3052 - STARLINK-1647,
       Rise,         Set, Duration (s),
    2914.662,   10245.382,    7330.720,
   11513.407,   24652.679,   13139.272,
   25877.122,   39031.071,   13153.949,
   40235.845,   53414.162,   13178.317,
   54623.250,   67768.952,   13145.702,
   69005.504,   82129.617,   13124.113,
   83415.507,   86400.000,    2984.493,
Is_True,          88.0284%,
Analysis,STARLINK-3052 - STARLINK-3087,
       Rise,         Set, Duration (s),
Is_True,           0.0000%,
Analysis,STARLINK-3052 - STARLINK-2214,
       Rise,         Set, Duration (s),
    6814.728,    7419.606,     604.878,
   21279.707,   21705.357,     425.650,
Is_True,           1.1927%,
Analysis,STARLINK-3052 - STARLINK-3567,
       Rise,         Set, Duration (s),
   31730.688,   53436.634,   21705.946,
Is_True,          25.1226%,
Analysis,STARLINK-3052 - STARLINK-3596,
       Rise,         Set, Duration (s),
    2800.854,    4254.674,    1453.820,
   14387.543,   15099.662,     712.119,
Is_True,           2.5069%,
Analysis,STARLINK-3052 - IOAG-Equatorial,
       Rise,         Set, Duration (s),
       0.000,    1214.670,    1214.670,
    9032.787,   12746.336,    3713.549,
   14809.344,   24279.924,    9470.580,
   26350.645,   35813.022,    9462.377,
   37891.295,   41579.526,    3688.232,
   49621.527,   53113.842,    3492.315,
   55219.096,   64648.684,    9429.588,
   66761.768,   70415.655,    3653.886,
   72529.881,   81949.954,    9420.073,
   84070.510,   86400.000,    2329.490,
Is_True,          64.6699%,
Analysis,STARLINK-3052 - IOAG-North1,
       Rise,         Set, Duration (s),
       0.000,    6963.068,    6963.068,
    9005.062,   12725.172,    3720.110,
   14778.861,   24261.917,    9483.056,
   26337.295,   35816.715,    9479.420,
   37901.595,   41576.694,    3675.099,
   43658.603,   53094.279,    9435.676,
   55192.249,   64629.368,    9437.119,
   66742.532,   70402.748,    3660.216,
   72522.947,   81953.962,    9431.016,
   84071.148,   86400.000,    2328.852,
Is_True,          78.2565%,
Analysis,STARLINK-3052 - IOAG-North2,
       Rise,         Set, Duration (s),
       0.000,    6968.101,    6968.101,
    9023.984,   12747.042,    3723.057,
   14809.477,   24268.023,    9458.546,
   26331.250,   35791.436,    9460.186,
   37874.095,   41559.402,    3685.307,
   43651.193,   53107.870,    9456.677,
   55215.988,   64641.753,    9425.764,
   66746.013,   70400.039,    3654.026,
   72511.038,   81930.338,    9419.300,
   84054.123,   86400.000,    2345.877,
Is_True,          78.2371%,
Analysis,STARLINK-3052 - IOAG-South1,
       Rise,         Set, Duration (s),
       0.000,    6999.884,    6999.884,
    9045.570,   12769.872,    3724.302,
   14819.736,   24297.659,    9477.923,
   26358.888,   35036.593,    8677.705,
   37893.951,   41583.030,    3689.079,
   43679.008,   53133.301,    9454.293,
   55232.345,   64666.824,    9434.479,
   66771.417,   70428.138,    3656.721,
   72536.512,   81947.698,    9411.186,
   84077.938,   86400.000,    2322.062,
Is_True,          77.3699%,
Analysis,STARLINK-3052 - IOAG-South2,
       Rise,         Set, Duration (s),
       0.000,    6993.498,    6993.498,
    9031.242,   12746.381,    3715.140,
   14798.402,   24291.964,    9493.562,
   26364.811,   35834.877,    9470.067,
   37913.447,   41600.283,    3686.836,
   43682.913,   53119.386,    9436.473,
   60987.527,   64654.675,    3667.148,
   66770.460,   70430.938,    3660.478,
   72547.440,   81970.550,    9423.111,
   84090.028,   86400.000,    2309.972,
Is_True,          71.5929%,
Analysis,STARLINK-1395 - STARLINK-2109,
       Rise,         Set, Duration (s),
Is_True,           0.0000%,
Analysis,STARLINK-1395 - STARLINK-1627,
       Rise,         Set, Duration (s),
    3342.426,    4123.841,     781.414,
   17669.896,   18458.437,     788.541,
   32004.348,   32785.422,     781.074,
   46331.800,   47120.035,     788.235,
   60666.266,   61447.008,     780.742,
   74993.702,   75781.639,     787.937,
Is_True,           5.4490%,
Analysis,STARLINK-1395 - STARLINK-1270,
       Rise,         Set, Duration (s),
       0.000,   86400.000,   86400.000,
Is_True,         100.0000%,
Analysis,STARLINK-1395 - STARLINK-2134,
       Rise,         Set, Duration (s),
       0.000,   86400.000,   86400.000,
Is_True,         100.0000%,
Analysis,STARLINK-1395 - STARLINK-3527,
       Rise,         Set, Duration (s),
Is_True,           0.0000%,
Analysis,STARLINK-1395 - STARLINK-2336,
       Rise,         Set, Duration (s),
   14361.502,   14997.123,     635.621,
   28687.105,   29332.754,     645.649,
   43022.955,   43659.162,     636.207,
   57348.548,   57994.807,     646.259,
   71684.417,   72321.199,     636.782,
   86010.000,   86400.000,     390.000,
Is_True,           4.1557%,
Analysis,STARLINK-1395 - STARLINK-3528,
       Rise,         Set, Duration (s),
Is_True,           0.0000%,
Analysis,STARLINK-1395 - STARLINK-3716,
       Rise,         Set, Duration (s),
   53440.792,   54120.403,     679.612,
   58185.766,   86400.000,   28214.234,
Is_True,          33.4420%,
Analysis,STARLINK-1395 - STARLINK-1649,
       Rise,         Set, Duration (s),
       0.000,      76.298,      76.298,
   10676.366,   14414.258,    3737.891,
   24999.872,   25878.806,     878.934,
   39339.402,   40202.172,     862.771,
   53662.868,   54540.182,     877.314,
   68002.411,   68863.521,     861.110,
   82325.838,   83201.566,     875.728,
Is_True,           9.4561%,
Analysis,STARLINK-1395 - STARLINK-1052,
       Rise,         Set, Duration (s),
   57503.082,   57650.768,     147.686,
   71720.424,   72037.352,     316.927,
Is_True,           0.5377%,
Analysis,STARLINK-1395 - STARLINK-3524,
       Rise,         Set, Duration (s),
Is_True,           0.0000%,
Analysis,STARLINK-1395 - STARLINK-2325,
       Rise,         Set, Duration (s),
Is_True,           0.0000%,
Analysis,STARLINK-1395 - STARLINK-2451,
       Rise,         Set, Duration (s),
Is_True,           0.0000%,
Analysis,STARLINK-1395 - STARLINK-24,
       Rise,         Set, Duration (s),
Is_True,           0.0000%,
Analysis,STARLINK-1395 - STARLINK-1998,
       Rise,         Set, Duration (s),
Is_True,           0.0000%,
Analysis,STARLINK-1395 - STARLINK-1846,
       Rise,         Set, Duration (s),
Is_True,           0.0000%,
Analysis,STARLINK-1395 - STARLINK-1197,
       Rise,         Set, Duration (s),
Is_True,           0.0000%,
Analysis,STARLINK-1395 - STARLINK-1551,
       Rise,         Set, Duration (s),
Is_True,           0.0000%,
Analysis,STARLINK-1395 - STARLINK-3814,
       Rise,         Set, Duration (s),
   43199.245,   43649.032,     449.787,
Is_True,           0.5206%,
Analysis,STARLINK-1395 - STARLINK-2645,
       Rise,         Set, Duration (s),
   10361.184,   11407.035,    1045.851,
   24687.588,   25742.189,    1054.601,
   39022.738,   40068.619,    1045.880,
   53349.135,   54403.784,    1054.648,
   67684.298,   68730.206,    1045.908,
   79148.923,   83065.382,    3916.459,
Is_True,          10.6057%,
Analysis,STARLINK-1395 - STARLINK-1647,
       Rise,         Set, Duration (s),
     481.493,    7755.872,    7274.380,
   14821.962,   22079.748,    7257.787,
   29144.252,   39276.857,   10132.604,
   43484.743,   53614.883,   10130.139,
   60682.403,   67938.699,    7256.296,
   75004.630,   82276.758,    7272.127,
Is_True,          57.0872%,
Analysis,STARLINK-1395 - STARLINK-3087,
       Rise,         Set, Duration (s),
Is_True,           0.0000%,
Analysis,STARLINK-1395 - STARLINK-2214,
       Rise,         Set, Duration (s),
Is_True,           0.0000%,
Analysis,STARLINK-1395 - STARLINK-3567,
       Rise,         Set, Duration (s),
   29787.849,   53994.325,   24206.475,
Is_True,          28.0168%,
Analysis,STARLINK-1395 - STARLINK-3596,
       Rise,         Set, Duration (s),
     461.966,   10067.025,    9605.058,
Is_True,          11.1170%,
Analysis,STARLINK-1395 - IOAG-Equatorial,
       Rise,         Set, Duration (s),
       0.000,    1308.798,    1308.798,
    9114.425,   12796.859,    3682.434,
   14865.645,   24272.167,    9406.522,
   26346.711,   35744.164,    9397.453,
   37828.421,   41485.070,    3656.649,
   49659.777,   52972.929,    3313.152,
   55083.387,   64452.077,    9368.690,
   66568.249,   70186.984,    3618.735,
   72304.446,   81660.461,    9356.015,
   83786.449,   86400.000,    2613.551,
Is_True,          64.4931%,
Analysis,STARLINK-1395 - IOAG-North1,
       Rise,         Set, Duration (s),
       0.000,    7028.594,    7028.594,
    9082.873,   12766.488,    3683.615,
   14831.852,   24254.591,    9422.739,
   26338.448,   35755.935,    9417.487,
   37842.913,   41483.239,    3640.325,
   43570.924,   52946.281,    9375.357,
   55052.156,   64429.165,    9377.010,
   66549.262,   70176.067,    3626.805,
   72302.103,   81669.179,    9367.076,
   83789.881,   86400.000,    2610.119,
Is_True,          78.1819%,
Analysis,STARLINK-1395 - IOAG-North2,
       Rise,         Set, Duration (s),
       0.000,    7042.011,    7042.011,
    9106.387,   12794.693,    3688.306,
   14860.650,   24254.147,    9393.498,
   26326.359,   35726.507,    9400.148,
   37818.240,   41469.245,    3651.004,
   43569.145,   52965.677,    9396.533,
   55078.334,   64438.212,    9359.878,
   66548.082,   70168.344,    3620.263,
   72286.169,   81644.764,    9358.595,
   83775.519,   86400.000,    2624.481,
Is_True,          78.1652%,
Analysis,STARLINK-1395 - IOAG-South1,
       Rise,         Set, Duration (s),
       0.000,    7067.516,    7067.516,
    9116.044,   12808.882,    3692.838,
   14861.423,   24281.967,    9420.544,
   26347.595,   35017.012,    8669.418,
   37838.622,   41494.862,    3656.240,
   43593.741,   52985.222,    9391.481,
   55085.970,   64460.733,    9374.763,
   66568.320,   70194.538,    3626.218,
   72307.299,   81664.922,    9357.623,
   83799.735,   86400.000,    2600.265,
Is_True,          77.3807%,
Analysis,STARLINK-1395 - IOAG-South2,
       Rise,         Set, Duration (s),
       0.000,    7057.522,    7057.522,
    9102.858,   12788.320,    3685.462,
   14850.546,   24282.795,    9432.249,
   26357.949,   35767.038,    9409.089,
   37847.585,   41504.142,    3656.557,
   43589.504,   52970.463,    9380.960,
   60821.726,   64455.528,    3633.802,
   66573.959,   70201.439,    3627.480,
   72320.053,   81681.242,    9361.190,
   83803.502,   86400.000,    2596.498,
Is_True,          71.5750%,
Analysis,STARLINK-2109 - STARLINK-1627,
       Rise,         Set, Duration (s),
Is_True,           0.0000%,
Analysis,STARLINK-2109 - STARLINK-1270,
       Rise,         Set, Duration (s),
Is_True,           0.0000%,
Analysis,STARLINK-2109 - STARLINK-2134,
       Rise,         Set, Duration (s),
Is_True,           0.0000%,
Analysis,STARLINK-2109 - STARLINK-3527,
       Rise,         Set, Duration (s),
   86086.496,   86400.000,     313.504,
Is_True,           0.3629%,
Analysis,STARLINK-2109 - STARLINK-2336,
       Rise,         Set, Duration (s),
Is_True,           0.0000%,
Analysis,STARLINK-2109 - STARLINK-3528,
       Rise,         Set, Duration (s),
Is_True,           0.0000%,
Analysis,STARLINK-2109 - STARLINK-3716,
       Rise,         Set, Duration (s),
     209.684,   35511.923,   35302.239,
Is_True,          40.8591%,
Analysis,STARLINK-2109 - STARLINK-1649,
       Rise,         Set, Duration (s),
Is_True,           0.0000%,
Analysis,STARLINK-2109 - STARLINK-1052,
       Rise,         Set, Duration (s),
    6682.302,    7512.407,     830.105,
   20998.439,   21801.060,     802.621,
   35324.788,   36078.918,     754.130,
   46784.274,   47502.943,     718.669,
   61106.188,   61785.632,     679.445,
   75440.717,   76055.056,     614.339,
Is_True,           5.0918%,
Analysis,STARLINK-2109 - STARLINK-3524,
       Rise,         Set, Duration (s),
Is_True,           0.0000%,
Analysis,STARLINK-2109 - STARLINK-2325,
       Rise,         Set, Duration (s),
       0.000,     292.696,     292.696,
   13677.445,   14621.924,     944.478,
   25136.738,   28945.419,    3808.680,
   39463.688,   43274.614,    3810.926,
   53785.323,   54735.688,     950.364,
   68112.508,   69059.211,     946.703,
   82434.399,   83388.375,     953.976,
Is_True,          13.5507%,
Analysis,STARLINK-2109 - STARLINK-2451,
       Rise,         Set, Duration (s),
Is_True,           0.0000%,
Analysis,STARLINK-2109 - STARLINK-24,
       Rise,         Set, Duration (s),
Is_True,           0.0000%,
Analysis,STARLINK-2109 - STARLINK-1998,
       Rise,         Set, Duration (s),
       0.000,   86400.000,   86400.000,
Is_True,         100.0000%,
Analysis,STARLINK-2109 - STARLINK-1846,
       Rise,         Set, Duration (s),
Is_True,           0.0000%,
Analysis,STARLINK-2109 - STARLINK-1197,
       Rise,         Set, Duration (s),
Is_True,           0.0000%,
Analysis,STARLINK-2109 - STARLINK-1551,
       Rise,         Set, Duration (s),
    3585.743,    7505.492,    3919.749,
   17992.134,   21871.741,    3879.607,
   32276.138,   36140.174,    3864.036,
   46685.484,   50509.303,    3823.819,
   60966.682,   61964.246,     997.564,
   75379.487,   76227.564,     848.077,
Is_True,          20.0612%,
Analysis,STARLINK-2109 - STARLINK-3814,
       Rise,         Set, Duration (s),
   24771.777,   25440.548,     668.771,
   35819.747,   36413.560,     593.814,
Is_True,           1.4613%,
Analysis,STARLINK-2109 - STARLINK-2645,
       Rise,         Set, Duration (s),
Is_True,           0.0000%,
Analysis,STARLINK-2109 - STARLINK-1647,
       Rise,         Set, Duration (s),
Is_True,           0.0000%,
Analysis,STARLINK-2109 - STARLINK-3087,
       Rise,         Set, Duration (s),
Is_True,           0.0000%,
Analysis,STARLINK-2109 - STARLINK-2214,
       Rise,         Set, Duration (s),
Is_True,           0.0000%,
Analysis,STARLINK-2109 - STARLINK-3567,
       Rise,         Set, Duration (s),
       0.000,    7135.156,    7135.156,
   14180.145,   14699.656,     519.511,
Is_True,           8.8596%,
Analysis,STARLINK-2109 - STARLINK-3596,
       Rise,         Set, Duration (s),
   71641.958,   72698.741,    1056.783,
   79923.247,   86400.000,    6476.753,
Is_True,           8.7194%,
Analysis,STARLINK-2109 - IOAG-Equatorial,
       Rise,         Set, Duration (s),
       0.000,    1546.713,    1546.713,
    5699.354,    9019.750,    3320.397,
   11059.918,   20501.557,    9441.639,
   22552.198,   31972.771,    9420.573,
   34030.447,   37711.790,    3681.343,
   39778.119,   43454.896,    3676.777,
   51287.933,   60685.529,    9397.596,
   62784.207,   66422.333,    3638.127,
   68522.545,   77893.540,    9370.995,
   80000.332,   86400.000,    6399.668,
Is_True,          69.3216%,
Analysis,STARLINK-2109 - IOAG-North1,
       Rise,         Set, Duration (s),
       0.000,    3255.231,    3255.231,
    5276.490,    8990.477,    3713.987,
   11025.069,   20475.669,    9450.600,
   22532.321,   31976.137,    9443.816,
   34047.660,   37723.362,    3675.701,
   39785.142,   49177.965,    9392.822,
   51260.018,   60657.049,    9397.031,
   62756.495,   66402.446,    3645.951,
   68509.154,   77903.520,    9394.366,
   80016.687,   86400.000,    6383.313,
Is_True,          78.4176%,
Analysis,STARLINK-2109 - IOAG-North2,
       Rise,         Set, Duration (s),
       0.000,    3258.375,    3258.375,
    5293.288,    9010.420,    3717.132,
   11053.099,   20487.752,    9434.654,
   22529.383,   31953.518,    9424.135,
   34018.924,   37694.643,    3675.719,
   39769.878,   49188.261,    9418.382,
   51279.642,   60680.218,    9400.576,
   62767.005,   66405.063,    3638.058,
   68501.462,   77876.296,    9374.834,
   79988.930,   86400.000,    6411.070,
Is_True,          78.4177%,
Analysis,STARLINK-2109 - IOAG-South1,
       Rise,         Set, Duration (s),
       0.000,    3287.921,    3287.921,
    5308.172,    9032.851,    3724.679,
   11056.137,   20511.413,    9455.276,
   22547.248,   31978.510,    9431.263,
   34036.782,   37715.074,    3678.292,
   39793.436,   49213.942,    9420.505,
   51293.602,   60694.517,    9400.915,
   62780.755,   66430.434,    3649.679,
   68522.003,   77896.008,    9374.005,
   80007.527,   86400.000,    6392.473,
Is_True,          78.4896%,
Analysis,STARLINK-2109 - IOAG-South2,
       Rise,         Set, Duration (s),
       0.000,    3285.503,    3285.503,
    5296.157,    9018.382,    3722.225,
   16799.097,   20503.412,    3704.315,
   22555.065,   31995.088,    9440.023,
   34050.374,   37734.768,    3684.394,
   39794.701,   49205.558,    9410.858,
   51279.983,   60679.283,    9399.300,
   62781.288,   66430.098,    3648.810,
   68531.607,   77915.576,    9383.969,
   80020.215,   86400.000,    6379.785,
Is_True,          71.8278%,
Analysis,STARLINK-1627 - STARLINK-1270,
       Rise,         Set, Duration (s),
    2991.078,    4244.824,    1253.746,
   17314.949,   18581.752,    1266.803,
   25920.374,   32906.536,    6986.162,
   40244.229,   47243.490,    6999.261,
   54581.997,   61568.248,    6986.251,
   71778.972,   75905.227,    4126.255,
   86102.795,   86400.000,     297.205,
Is_True,          32.3098%,
Analysis,STARLINK-1627 - STARLINK-2134,
       Rise,         Set, Duration (s),
   57572.437,   57908.022,     335.586,
   71916.984,   72224.645,     307.661,
   86235.240,   86400.000,     164.760,
Is_True,           0.9352%,
Analysis,STARLINK-1627 - STARLINK-3527,
       Rise,         Set, Duration (s),
Is_True,           0.0000%,
Analysis,STARLINK-1627 - STARLINK-2336,
       Rise,         Set, Duration (s),
Is_True,           0.0000%,
Analysis,STARLINK-1627 - STARLINK-3528,
       Rise,         Set, Duration (s),
Is_True,           0.0000%,
Analysis,STARLINK-1627 - STARLINK-3716,
       Rise,         Set, Duration (s),
   10509.991,   10960.533,     450.541,
   35661.425,   36502.661,     841.236,
   49774.850,   50559.350,     784.500,
   61137.308,   61739.030,     601.722,
Is_True,           3.0995%,
Analysis,STARLINK-1627 - STARLINK-1649,
       Rise,         Set, Duration (s),
Is_True,           0.0000%,
Analysis,STARLINK-1627 - STARLINK-1052,
       Rise,         Set, Duration (s),
       0.000,    3347.014,    3347.014,
    7395.938,   17617.648,   10221.709,
   24613.568,   31859.595,    7246.028,
   38954.072,   46119.633,    7165.561,
   53329.195,   54652.034,    1322.839,
   67681.476,   68902.675,    1221.199,
   76322.791,   83114.733,    6791.942,
Is_True,          43.1902%,
Analysis,STARLINK-1627 - STARLINK-3524,
       Rise,         Set, Duration (s),
Is_True,           0.0000%,
Analysis,STARLINK-1627 - STARLINK-2325,
       Rise,         Set, Duration (s),
Is_True,           0.0000%,
Analysis,STARLINK-1627 - STARLINK-2451,
       Rise,         Set, Duration (s),
Is_True,           0.0000%,
Analysis,STARLINK-1627 - STARLINK-24,
       Rise,         Set, Duration (s),
Is_True,           0.0000%,
Analysis,STARLINK-1627 - STARLINK-1998,
       Rise,         Set, Duration (s),
Is_True,           0.0000%,
Analysis,STARLINK-1627 - STARLINK-1846,
       Rise,         Set, Duration (s),
Is_True,           0.0000%,
Analysis,STARLINK-1627 - STARLINK-1197,
       Rise,         Set, Duration (s),
    6749.498,    7328.949,     579.451,
   21087.609,   21652.941,     565.332,
   75535.957,   76118.303,     582.346,
Is_True,           1.9990%,
Analysis,STARLINK-1627 - STARLINK-1551,
       Rise,         Set, Duration (s),
Is_True,           0.0000%,
Analysis,STARLINK-1627 - STARLINK-3814,
       Rise,         Set, Duration (s),
   31006.755,   43380.600,   12373.845,
Is_True,          14.3216%,
Analysis,STARLINK-1627 - STARLINK-2645,
       Rise,         Set, Duration (s),
Is_True,           0.0000%,
Analysis,STARLINK-1627 - STARLINK-1647,
       Rise,         Set, Duration (s),
       0.000,    7195.763,    7195.763,
   11058.706,   21519.464,   10460.759,
   25401.726,   35858.256,   10456.530,
   39721.414,   50181.907,   10460.493,
   54064.455,   64520.732,   10456.277,
   65529.541,   78844.330,   13314.789,
   79849.175,   86400.000,    6550.825,
Is_True,          79.7401%,
Analysis,STARLINK-1627 - STARLINK-3087,
       Rise,         Set, Duration (s),
Is_True,           0.0000%,
Analysis,STARLINK-1627 - STARLINK-2214,
       Rise,         Set, Duration (s),
Is_True,           0.0000%,
Analysis,STARLINK-1627 - STARLINK-3567,
       Rise,         Set, Duration (s),
   31951.407,   32929.948,     978.541,
   43147.353,   46952.910,    3805.557,
   57444.683,   57923.924,     479.241,
Is_True,           6.0918%,
Analysis,STARLINK-1627 - STARLINK-3596,
       Rise,         Set, Duration (s),
       0.000,    6644.668,    6644.668,
Is_True,           7.6906%,
Analysis,STARLINK-1627 - IOAG-Equatorial,
       Rise,         Set, Duration (s),
       0.000,    1491.061,    1491.061,
    5716.417,   14314.875,    8598.458,
   15509.244,   31564.039,   16054.794,
   32768.733,   43096.996,   10328.263,
   50136.448,   60400.138,   10263.689,
   61711.611,   71885.176,   10173.564,
   73214.261,   86400.000,   13185.739,
Is_True,          81.1291%,
Analysis,STARLINK-1627 - IOAG-North1,
       Rise,         Set, Duration (s),
       0.000,    2741.542,    2741.542,
    3877.521,   14323.598,   10446.077,
   15409.273,   31612.443,   16203.170,
   32808.292,   43106.293,   10298.001,
   44303.685,   60427.747,   16124.061,
   61635.422,   71923.239,   10287.818,
   73234.298,   86400.000,   13165.702,
Is_True,          91.7435%,
Analysis,STARLINK-1627 - IOAG-North2,
       Rise,         Set, Duration (s),
       0.000,    2790.542,    2790.542,
    3902.023,   14288.091,   10386.067,
   15493.241,   31615.935,   16122.694,
   32729.262,   43156.261,   10426.998,
   44312.667,   60370.170,   16057.502,
   61663.389,   71918.384,   10254.995,
   73180.140,   86400.000,   13219.860,
Is_True,          91.7346%,
Analysis,STARLINK-1627 - IOAG-South1,
       Rise,         Set, Duration (s),
       0.000,    2719.718,    2719.718,
    3966.893,   14220.323,   10253.430,
   15499.727,   31554.959,   16055.232,
   38578.620,   43098.770,    4520.150,
   44371.612,   60321.115,   15949.502,
   61676.104,   71852.818,   10176.714,
   73211.254,   86400.000,   13188.746,
Is_True,          84.3327%,
Analysis,STARLINK-1627 - IOAG-South2,
       Rise,         Set, Duration (s),
       0.000,    2682.559,    2682.559,
    3945.443,   13135.938,    9190.495,
   15469.945,   31528.951,   16059.007,
   32818.510,   43044.353,   10225.844,
   44346.395,   54609.771,   10263.376,
   61693.857,   71851.305,   10157.448,
   73241.882,   86400.000,   13158.118,
Is_True,          83.0288%,
Analysis,STARLINK-1270 - STARLINK-2134,
       Rise,         Set, Duration (s),
Is_True,           0.0000%,
Analysis,STARLINK-1270 - STARLINK-3527,
       Rise,         Set, Duration (s),
Is_True,           0.0000%,
Analysis,STARLINK-1270 - STARLINK-2336,
       Rise,         Set, Duration (s),
Is_True,           0.0000%,
Analysis,STARLINK-1270 - STARLINK-3528,
       Rise,         Set, Duration (s),
Is_True,           0.0000%,
Analysis,STARLINK-1270 - STARLINK-3716,
       Rise,         Set, Duration (s),
   50247.609,   57026.464,    6778.855,
   64186.188,   65523.182,    1336.995,
   72705.641,   79433.530,    6727.889,
Is_True,          17.1803%,
Analysis,STARLINK-1270 - STARLINK-1649,
       Rise,         Set, Duration (s),
       0.000,       0.552,       0.552,
   10520.374,   11465.435,     945.061,
   24849.346,   25798.655,     949.309,
   39182.387,   40127.632,     945.245,
   53511.355,   54460.847,     949.493,
   67844.394,   68789.818,     945.424,
   82173.357,   83123.028,     949.671,
Is_True,           6.5796%,
Analysis,STARLINK-1270 - STARLINK-1052,
       Rise,         Set, Duration (s),
       0.000,     696.665,     696.665,
   14105.686,   15002.825,     897.138,
   28400.538,   29312.351,     911.813,
   42700.851,   43616.192,     915.341,
   56998.162,   57923.050,     924.889,
   71300.676,   72224.554,     923.878,
   82741.915,   86400.000,    3658.085,
Is_True,          10.3331%,
Analysis,STARLINK-1270 - STARLINK-3524,
       Rise,         Set, Duration (s),
Is_True,           0.0000%,
Analysis,STARLINK-1270 - STARLINK-2325,
       Rise,         Set, Duration (s),
Is_True,           0.0000%,
Analysis,STARLINK-1270 - STARLINK-2451,
       Rise,         Set, Duration (s),
Is_True,           0.0000%,
Analysis,STARLINK-1270 - STARLINK-24,
       Rise,         Set, Duration (s),
Is_True,           0.0000%,
Analysis,STARLINK-1270 - STARLINK-1998,
       Rise,         Set, Duration (s),
Is_True,           0.0000%,
Analysis,STARLINK-1270 - STARLINK-1846,
       Rise,         Set, Duration (s),
Is_True,           0.0000%,
Analysis,STARLINK-1270 - STARLINK-1197,
       Rise,         Set, Duration (s),
Is_True,           0.0000%,
Analysis,STARLINK-1270 - STARLINK-1551,
       Rise,         Set, Duration (s),
Is_True,           0.0000%,
Analysis,STARLINK-1270 - STARLINK-3814,
       Rise,         Set, Duration (s),
   32025.425,   32560.026,     534.601,
   42934.841,   43669.395,     734.555,
Is_True,           1.4689%,
Analysis,STARLINK-1270 - STARLINK-2645,
       Rise,         Set, Duration (s),
   10555.932,   10981.037,     425.105,
   24883.940,   25314.962,     431.023,
   39217.208,   39642.731,     425.523,
Is_True,           1.4834%,
Analysis,STARLINK-1270 - STARLINK-1647,
       Rise,         Set, Duration (s),
       0.000,   86400.000,   86400.000,
Is_True,         100.0000%,
Analysis,STARLINK-1270 - STARLINK-3087,
       Rise,         Set, Duration (s),
Is_True,           0.0000%,
Analysis,STARLINK-1270 - STARLINK-2214,
       Rise,         Set, Duration (s),
Is_True,           0.0000%,
Analysis,STARLINK-1270 - STARLINK-3567,
       Rise,         Set, Duration (s),
   22890.386,   53785.815,   30895.429,
Is_True,          35.7586%,
Analysis,STARLINK-1270 - STARLINK-3596,
       Rise,         Set, Duration (s),
       0.000,    5010.736,    5010.736,
Is_True,           5.7995%,
Analysis,STARLINK-1270 - IOAG-Equatorial,
       Rise,         Set, Duration (s),
       0.000,    1555.541,    1555.541,
    5649.202,   13066.927,    7417.725,
   15217.165,   24540.533,    9323.368,
   26686.839,   30275.151,    3588.313,
   32420.582,   41752.365,    9331.783,
   49631.348,   53239.871,    3608.522,
   55369.217,   64719.393,    9350.177,
   66839.711,   70454.449,    3614.738,
   72572.872,   81929.216,    9356.344,
   84041.388,   86400.000,    2358.612,
Is_True,          68.8717%,
Analysis,STARLINK-1270 - IOAG-North1,
       Rise,         Set, Duration (s),
       0.000,    1572.536,    1572.536,
    3725.109,   13040.842,    9315.733,
   15192.637,   24525.443,    9332.806,
   26674.135,   30273.350,    3599.215,
   32420.556,   41749.903,    9329.348,
   43885.554,   53214.033,    9328.479,
   55345.706,   64697.265,    9351.559,
   66821.053,   70444.720,    3623.668,
   72564.315,   81937.695,    9373.380,
   84041.468,   86400.000,    2358.532,
Is_True,          77.7607%,
Analysis,STARLINK-1270 - IOAG-North2,
       Rise,         Set, Duration (s),
       0.000,    1569.556,    1569.556,
    3726.147,   13065.527,    9339.379,
   15218.996,   24524.504,    9305.507,
   26670.249,   30257.956,    3587.706,
   38138.197,   41738.007,    3599.810,
   43877.383,   53233.300,    9355.917,
   55367.204,   64704.829,    9337.626,
   66826.122,   70435.913,    3609.791,
   72554.396,   81914.179,    9359.783,
   84023.016,   86400.000,    2376.984,
Is_True,          71.1135%,
Analysis,STARLINK-1270 - IOAG-South1,
       Rise,         Set, Duration (s),
       0.000,    1594.228,    1594.228,
    3752.237,   13077.221,    9324.984,
   15230.347,   24548.982,    9318.635,
   26696.059,   30281.412,    3585.353,
   38156.049,   41761.947,    3605.898,
   43903.906,   53250.563,    9346.657,
   55385.046,   64726.424,    9341.378,
   66851.996,   70460.997,    3609.002,
   72580.470,   81935.444,    9354.974,
   84046.548,   86400.000,    2353.452,
Is_True,          71.1048%,
Analysis,STARLINK-1270 - IOAG-South2,
       Rise,         Set, Duration (s),
       0.000,    1596.180,    1596.180,
    3750.334,   13059.314,    9308.979,
   15209.225,   24550.362,    9341.137,
   26700.519,   30292.972,    3592.453,
   32440.119,   41769.227,    9329.108,
   43909.458,   53236.344,    9326.886,
   55366.045,   64723.051,    9357.006,
   66849.090,   70468.820,    3619.731,
   72590.496,   81949.574,    9359.078,
   84061.708,   86400.000,    2338.292,
Is_True,          77.7417%,
Analysis,STARLINK-2134 - STARLINK-3527,
       Rise,         Set, Duration (s),
       0.000,    6575.743,    6575.743,
   13867.083,   14811.985,     944.902,
Is_True,           8.7044%,
Analysis,STARLINK-2134 - STARLINK-2336,
       Rise,         Set, Duration (s),
       0.000,     449.573,     449.573,
   13684.195,   14774.767,    1090.571,
   25148.633,   29111.396,    3962.763,
   39472.568,   43436.567,    3963.999,
   53809.739,   57773.221,    3963.483,
   68133.659,   72098.370,    3964.711,
   82470.861,   86400.000,    3929.139,
Is_True,          24.6808%,
Analysis,STARLINK-2134 - STARLINK-3528,
       Rise,         Set, Duration (s),
       0.000,     707.568,     707.568,
   13809.332,   14994.874,    1185.542,
   28137.498,   29307.331,    1169.833,
   42503.730,   43591.393,    1087.663,
   53982.752,   57902.950,    3920.197,
   68312.291,   72182.857,    3870.566,
   82684.293,   86400.000,    3715.707,
Is_True,          18.1216%,
Analysis,STARLINK-2134 - STARLINK-3716,
       Rise,         Set, Duration (s),
   75272.195,   82266.562,    6994.368,
   83405.152,   86400.000,    2994.848,
Is_True,          11.5616%,
Analysis,STARLINK-2134 - STARLINK-1649,
       Rise,         Set, Duration (s),
Is_True,           0.0000%,
Analysis,STARLINK-2134 - STARLINK-1052,
       Rise,         Set, Duration (s),
Is_True,           0.0000%,
Analysis,STARLINK-2134 - STARLINK-3524,
       Rise,         Set, Duration (s),
Is_True,           0.0000%,
Analysis,STARLINK-2134 - STARLINK-2325,
       Rise,         Set, Duration (s),
Is_True,           0.0000%,
Analysis,STARLINK-2134 - STARLINK-2451,
       Rise,         Set, Duration (s),
   32363.122,   32971.404,     608.282,
   46688.194,   47307.863,     619.670,
   61023.996,   61632.900,     608.904,
   75349.069,   75969.368,     620.299,
Is_True,           2.8439%,
Analysis,STARLINK-2134 - STARLINK-24,
       Rise,         Set, Duration (s),
Is_True,           0.0000%,
Analysis,STARLINK-2134 - STARLINK-1998,
       Rise,         Set, Duration (s),
Is_True,           0.0000%,
Analysis,STARLINK-2134 - STARLINK-1846,
       Rise,         Set, Duration (s),
Is_True,           0.0000%,
Analysis,STARLINK-2134 - STARLINK-1197,
       Rise,         Set, Duration (s),
Is_True,           0.0000%,
Analysis,STARLINK-2134 - STARLINK-1551,
       Rise,         Set, Duration (s),
Is_True,           0.0000%,
Analysis,STARLINK-2134 - STARLINK-3814,
       Rise,         Set, Duration (s),
   53654.297,   54368.133,     713.836,
   64781.415,   65280.504,     499.089,
Is_True,           1.4038%,
Analysis,STARLINK-2134 - STARLINK-2645,
       Rise,         Set, Duration (s),
    7091.310,   10908.968,    3817.658,
   21424.046,   25241.540,    3817.495,
   35752.643,   36706.025,     953.381,
   50085.386,   51034.660,     949.274,
   64413.986,   65367.244,     953.258,
   78746.736,   79695.883,     949.147,
Is_True,          13.2410%,
Analysis,STARLINK-2134 - STARLINK-1647,
       Rise,         Set, Duration (s),
    3475.640,    3864.929,     389.289,
   17765.128,   18233.638,     468.510,
   32151.191,   32513.416,     362.225,
   46438.026,   46884.791,     446.765,
Is_True,           1.9292%,
Analysis,STARLINK-2134 - STARLINK-3087,
       Rise,         Set, Duration (s),
   60877.430,   86400.000,   25522.570,
Is_True,          29.5400%,
Analysis,STARLINK-2134 - STARLINK-2214,
       Rise,         Set, Duration (s),
    3463.837,    4254.793,     790.956,
   17787.207,   18592.998,     805.791,
   32124.618,   32916.880,     792.262,
   46447.986,   47255.092,     807.106,
   60785.422,   61578.962,     793.540,
   75108.788,   75917.182,     808.394,
Is_True,           5.5533%,
Analysis,STARLINK-2134 - STARLINK-3567,
       Rise,         Set, Duration (s),
   43761.585,   75488.472,   31726.887,
Is_True,          36.7209%,
Analysis,STARLINK-2134 - STARLINK-3596,
       Rise,         Set, Duration (s),
    2811.783,   21155.595,   18343.811,
Is_True,          21.2313%,
Analysis,STARLINK-2134 - IOAG-Equatorial,
       Rise,         Set, Duration (s),
       0.000,     674.347,     674.347,
    8560.517,   17894.089,    9333.572,
   20042.895,   23629.268,    3586.374,
   25778.396,   35098.991,    9320.595,
   37251.376,   45504.189,    8252.813,
   49626.708,   52320.873,    2694.165,
   54480.222,   63798.317,    9318.096,
   65956.994,   75267.422,    9310.429,
   77426.431,   81004.459,    3578.027,
   83164.447,   86400.000,    3235.553,
Is_True,          68.6389%,
Analysis,STARLINK-2134 - IOAG-North1,
       Rise,         Set, Duration (s),
       0.000,    6395.537,    6395.537,
    8535.798,   17869.674,    9333.876,
   20019.344,   23612.267,    3592.923,
   25765.821,   35107.701,    9341.880,
   37262.800,   46564.565,    9301.765,
   48718.523,   52297.655,    3579.132,
   54454.644,   63776.325,    9321.681,
   65937.502,   75269.428,    9331.926,
   77433.429,   81014.048,    3580.620,
   83168.178,   86400.000,    3231.822,
Is_True,          77.5592%,
Analysis,STARLINK-2134 - IOAG-North2,
       Rise,         Set, Duration (s),
       0.000,    6404.590,    6404.590,
    8552.250,   17889.798,    9337.547,
   20030.782,   23614.498,    3583.716,
   25760.767,   35082.386,    9321.620,
   37236.680,   46566.092,    9329.411,
   48726.160,   52313.367,    3587.207,
   54475.773,   63787.137,    9311.365,
   65941.975,   75250.420,    9308.445,
   77409.810,   80989.098,    3579.288,
   83149.589,   86400.000,    3250.411,
Is_True,          77.5620%,
Analysis,STARLINK-2134 - IOAG-South1,
       Rise,         Set, Duration (s),
       0.000,    6428.510,    6428.510,
    8570.268,   17905.007,    9334.739,
   20048.806,   23639.082,    3590.276,
   25784.540,   35037.018,    9252.478,
   37254.254,   46591.261,    9337.007,
   48749.715,   52332.958,    3583.243,
   54490.680,   63807.162,    9316.482,
   65964.169,   75271.726,    9307.556,
   77428.378,   81006.990,    3578.611,
   83171.334,   86400.000,    3228.666,
Is_True,          77.4972%,
Analysis,STARLINK-2134 - IOAG-South2,
       Rise,         Set, Duration (s),
       0.000,    6421.426,    6421.426,
    8558.394,   17889.960,    9331.566,
   20043.008,   23637.761,    3594.753,
   25789.781,   35119.425,    9329.644,
   37271.305,   46589.348,    9318.043,
   48742.404,   52320.641,    3578.237,
   60213.874,   63800.297,    3586.422,
   65963.168,   75286.412,    9323.244,
   77446.421,   81024.313,    3577.891,
   83183.265,   86400.000,    3216.735,
Is_True,          70.9236%,
Analysis,STARLINK-3527 - STARLINK-2336,
       Rise,         Set, Duration (s),
       0.000,   31559.533,   31559.533,
   35839.356,   36364.417,     525.061,
Is_True,          37.1349%,
Analysis,STARLINK-3527 - STARLINK-3528,
       Rise,         Set, Duration (s),
       0.000,   39538.409,   39538.409,
Is_True,          45.7620%,
Analysis,STARLINK-3527 - STARLINK-3716,
       Rise,         Set, Duration (s),
Is_True,           0.0000%,
Analysis,STARLINK-3527 - STARLINK-1649,
       Rise,         Set, Duration (s),
    6830.640,    7620.535,     789.895,
   21071.254,   21633.549,     562.295,
Is_True,           1.5650%,
Analysis,STARLINK-3527 - STARLINK-1052,
       Rise,         Set, Duration (s),
Is_True,           0.0000%,
Analysis,STARLINK-3527 - STARLINK-3524,
       Rise,         Set, Duration (s),
   46658.395,   86400.000,   39741.605,
Is_True,          45.9972%,
Analysis,STARLINK-3527 - STARLINK-2325,
       Rise,         Set, Duration (s),
Is_True,           0.0000%,
Analysis,STARLINK-3527 - STARLINK-2451,
       Rise,         Set, Duration (s),
   28668.872,   29189.382,     520.510,
   42667.699,   43452.606,     784.907,
   53928.510,   57633.853,    3705.343,
   68067.106,   68936.203,     869.096,
   82266.712,   83014.107,     747.395,
Is_True,           7.6704%,
Analysis,STARLINK-3527 - STARLINK-24,
       Rise,         Set, Duration (s),
   39338.128,   39834.831,     496.703,
   64496.025,   65211.517,     715.492,
   78502.868,   79286.653,     783.786,
Is_True,           2.3102%,
Analysis,STARLINK-3527 - STARLINK-1998,
       Rise,         Set, Duration (s),
   60781.107,   61704.940,     923.833,
   69106.424,   76056.480,    6950.056,
   85976.154,   86400.000,     423.846,
Is_True,           9.6039%,
Analysis,STARLINK-3527 - STARLINK-1846,
       Rise,         Set, Duration (s),
   24141.394,   73307.729,   49166.335,
Is_True,          56.9055%,
Analysis,STARLINK-3527 - STARLINK-1197,
       Rise,         Set, Duration (s),
Is_True,           0.0000%,
Analysis,STARLINK-3527 - STARLINK-1551,
       Rise,         Set, Duration (s),
   75278.300,   76095.757,     817.458,
Is_True,           0.9461%,
Analysis,STARLINK-3527 - STARLINK-3814,
       Rise,         Set, Duration (s),
   71468.761,   72336.897,     868.136,
   82346.337,   83214.343,     868.006,
Is_True,           2.0094%,
Analysis,STARLINK-3527 - STARLINK-2645,
       Rise,         Set, Duration (s),
    6604.855,    7413.564,     808.708,
   17853.394,   18764.735,     911.341,
   31987.076,   32885.994,     898.917,
   46212.257,   46922.249,     709.992,
Is_True,           3.8530%,
Analysis,STARLINK-3527 - STARLINK-1647,
       Rise,         Set, Duration (s),
Is_True,           0.0000%,
Analysis,STARLINK-3527 - STARLINK-3087,
       Rise,         Set, Duration (s),
   10081.023,   11356.689,    1275.666,
   18405.725,   28535.541,   10129.817,
   35575.474,   39605.401,    4029.927,
Is_True,          17.8651%,
Analysis,STARLINK-3527 - STARLINK-2214,
       Rise,         Set, Duration (s),
   28408.011,   29159.139,     751.128,
   42487.917,   43340.694,     852.777,
   53795.299,   54646.269,     850.971,
   67983.444,   68729.547,     746.103,
Is_True,           3.7048%,
Analysis,STARLINK-3527 - STARLINK-3567,
       Rise,         Set, Duration (s),
Is_True,           0.0000%,
Analysis,STARLINK-3527 - STARLINK-3596,
       Rise,         Set, Duration (s),
   13207.504,   77976.092,   64768.589,
Is_True,          74.9636%,
Analysis,STARLINK-3527 - IOAG-Equatorial,
       Rise,         Set, Duration (s),
       0.000,     522.069,     522.069,
    8066.567,   17304.113,    9237.547,
   19213.907,   28468.059,    9254.152,
   30361.411,   45256.624,   14895.213,
   49638.108,   56483.001,    6844.894,
   58244.235,   67679.795,    9435.560,
   69403.144,   78870.003,    9466.859,
   80562.712,   86400.000,    5837.288,
Is_True,          75.8028%,
Analysis,STARLINK-3527 - IOAG-North1,
       Rise,         Set, Duration (s),
       0.000,    6087.100,    6087.100,
    8042.900,   17264.916,    9222.016,
   19184.325,   28467.982,    9283.657,
   30348.894,   45237.080,   14888.186,
   47069.301,   56430.946,    9361.645,
   58210.643,   67657.956,    9447.314,
   69375.957,   78905.562,    9529.604,
   80571.373,   86400.000,    5828.627,
Is_True,          85.2409%,
Analysis,STARLINK-3527 - IOAG-North2,
       Rise,         Set, Duration (s),
       0.000,    6105.734,    6105.734,
    8054.230,   17289.876,    9235.646,
   19210.604,   28444.454,    9233.850,
   30334.641,   45245.039,   14910.398,
   47064.693,   56474.654,    9409.961,
   58252.541,   67643.998,    9391.456,
   69378.888,   78857.778,    9478.890,
   80523.769,   86400.000,    5876.231,
Is_True,          85.2340%,
Analysis,STARLINK-3527 - IOAG-South1,
       Rise,         Set, Duration (s),
       0.000,    6126.774,    6126.774,
    8090.370,   17299.922,    9209.552,
   19238.639,   28472.351,    9233.712,
   30371.237,   45275.542,   14904.305,
   47110.354,   56473.497,    9363.143,
   58278.350,   67670.405,    9392.056,
   69426.717,   78885.822,    9459.105,
   80551.667,   86400.000,    5848.333,
Is_True,          85.1122%,
Analysis,STARLINK-3527 - IOAG-South2,
       Rise,         Set, Duration (s),
       0.000,    6114.822,    6114.822,
    8077.305,   17292.663,    9215.358,
   19215.167,   28487.441,    9272.274,
   30387.587,   45263.397,   14875.809,
   47111.653,   56456.554,    9344.901,
   58236.184,   67688.578,    9452.393,
   69427.444,   78899.077,    9471.633,
   80600.743,   86400.000,    5799.257,
Is_True,          85.1232%,
Analysis,STARLINK-2336 - STARLINK-3528,
       Rise,         Set, Duration (s),
       0.000,   86400.000,   86400.000,
Is_True,         100.0000%,
Analysis,STARLINK-2336 - STARLINK-3716,
       Rise,         Set, Duration (s),
   60638.554,   61230.991,     592.436,
   71814.535,   72600.722,     786.187,
   85873.058,   86400.000,     526.942,
Is_True,           2.2055%,
Analysis,STARLINK-2336 - STARLINK-1649,
       Rise,         Set, Duration (s),
    6475.618,    7524.456,    1048.838,
   17940.641,   21860.416,    3919.775,
   32267.001,   36186.830,    3919.829,
   46603.190,   50522.806,    3919.616,
   60929.522,   64849.193,    3919.671,
   75265.723,   76314.135,    1048.412,
Is_True,          20.5742%,
Analysis,STARLINK-2336 - STARLINK-1052,
       Rise,         Set, Duration (s),
   50319.172,   50914.291,     595.119,
   64564.055,   65274.595,     710.540,
   78794.113,   79648.117,     854.004,
Is_True,           2.4996%,
Analysis,STARLINK-2336 - STARLINK-3524,
       Rise,         Set, Duration (s),
Is_True,           0.0000%,
Analysis,STARLINK-2336 - STARLINK-2325,
       Rise,         Set, Duration (s),
Is_True,           0.0000%,
Analysis,STARLINK-2336 - STARLINK-2451,
       Rise,         Set, Duration (s),
Is_True,           0.0000%,
Analysis,STARLINK-2336 - STARLINK-24,
       Rise,         Set, Duration (s),
Is_True,           0.0000%,
Analysis,STARLINK-2336 - STARLINK-1998,
       Rise,         Set, Duration (s),
Is_True,           0.0000%,
Analysis,STARLINK-2336 - STARLINK-1846,
       Rise,         Set, Duration (s),
Is_True,           0.0000%,
Analysis,STARLINK-2336 - STARLINK-1197,
       Rise,         Set, Duration (s),
Is_True,           0.0000%,
Analysis,STARLINK-2336 - STARLINK-1551,
       Rise,         Set, Duration (s),
Is_True,           0.0000%,
Analysis,STARLINK-2336 - STARLINK-3814,
       Rise,         Set, Duration (s),
   49731.952,   56711.122,    6979.170,
Is_True,           8.0777%,
Analysis,STARLINK-2336 - STARLINK-2645,
       Rise,         Set, Duration (s),
    3480.209,    4338.561,     858.352,
   17819.688,   18661.608,     841.920,
   32142.251,   33000.206,     857.956,
   46481.759,   47323.222,     841.463,
   60804.292,   61661.853,     857.561,
   75143.829,   75984.837,     841.009,
Is_True,           5.9008%,
Analysis,STARLINK-2336 - STARLINK-1647,
       Rise,         Set, Duration (s),
Is_True,           0.0000%,
Analysis,STARLINK-2336 - STARLINK-3087,
       Rise,         Set, Duration (s),
   10122.999,   11134.890,    1011.890,
   24482.681,   25553.987,    1071.306,
   33093.269,   39974.871,    6881.602,
   47468.354,   54374.494,    6906.140,
   61840.691,   68776.149,    6935.458,
   76233.766,   83157.646,    6923.879,
Is_True,          34.4100%,
Analysis,STARLINK-2336 - STARLINK-2214,
       Rise,         Set, Duration (s),
Is_True,           0.0000%,
Analysis,STARLINK-2336 - STARLINK-3567,
       Rise,         Set, Duration (s),
   56774.573,   57626.993,     852.420,
   67787.433,   69050.920,    1263.487,
   76237.404,   82930.813,    6693.409,
Is_True,          10.1960%,
Analysis,STARLINK-2336 - STARLINK-3596,
       Rise,         Set, Duration (s),
   10742.512,   17782.476,    7039.964,
   18443.421,   31747.589,   13304.167,
   32589.667,   36907.930,    4318.263,
Is_True,          28.5444%,
Analysis,STARLINK-2336 - IOAG-Equatorial,
       Rise,         Set, Duration (s),
       0.000,     987.783,     987.783,
    7956.772,   35717.412,   27760.640,
   36638.583,   45504.412,    8865.829,
   49724.986,   86400.000,   36675.014,
Is_True,          85.9829%,
Analysis,STARLINK-2336 - IOAG-North1,
       Rise,         Set, Duration (s),
       0.000,    6762.734,    6762.734,
    7898.358,   35786.385,   27888.026,
   36666.493,   86400.000,   49733.507,
Is_True,          97.6670%,
Analysis,STARLINK-2336 - IOAG-North2,
       Rise,         Set, Duration (s),
       0.000,    6819.762,    6819.762,
    7924.941,   35796.613,   27871.672,
   36538.424,   86400.000,   49861.576,
Is_True,          97.8623%,
Analysis,STARLINK-2336 - IOAG-South1,
       Rise,         Set, Duration (s),
       0.000,    6768.098,    6768.098,
    8010.795,   24104.185,   16093.390,
   25218.747,   35013.665,    9794.918,
   36619.477,   64674.035,   28054.558,
   65439.549,   86400.000,   20960.451,
Is_True,          94.5271%,
Analysis,STARLINK-2336 - IOAG-South2,
       Rise,         Set, Duration (s),
       0.000,    6747.662,    6747.662,
    7981.063,   24157.946,   16176.883,
   25218.175,   35695.908,   10477.733,
   36724.629,   56926.883,   20202.255,
   59559.069,   64797.829,    5238.760,
   65395.712,   86400.000,   21004.288,
Is_True,          92.4162%,
Analysis,STARLINK-3528 - STARLINK-3716,
       Rise,         Set, Duration (s),
   86078.494,   86400.000,     321.506,
Is_True,           0.3721%,
Analysis,STARLINK-3528 - STARLINK-1649,
       Rise,         Set, Duration (s),
    6823.494,    7523.580,     700.086,
   21149.210,   21844.886,     695.676,
   35480.562,   36159.604,     679.043,
   49806.398,   50480.643,     674.245,
Is_True,           3.1818%,
Analysis,STARLINK-3528 - STARLINK-1052,
       Rise,         Set, Duration (s),
Is_True,           0.0000%,
Analysis,STARLINK-3528 - STARLINK-3524,
       Rise,         Set, Duration (s),
Is_True,           0.0000%,
Analysis,STARLINK-3528 - STARLINK-2325,
       Rise,         Set, Duration (s),
Is_True,           0.0000%,
Analysis,STARLINK-3528 - STARLINK-2451,
       Rise,         Set, Duration (s),
   71946.333,   72332.454,     386.121,
   86259.930,   86400.000,     140.070,
Is_True,           0.6090%,
Analysis,STARLINK-3528 - STARLINK-24,
       Rise,         Set, Duration (s),
       0.000,     410.137,     410.137,
   14221.709,   14516.540,     294.830,
Is_True,           0.8159%,
Analysis,STARLINK-3528 - STARLINK-1998,
       Rise,         Set, Duration (s),
Is_True,           0.0000%,
Analysis,STARLINK-3528 - STARLINK-1846,
       Rise,         Set, Duration (s),
Is_True,           0.0000%,
Analysis,STARLINK-3528 - STARLINK-1197,
       Rise,         Set, Duration (s),
Is_True,           0.0000%,
Analysis,STARLINK-3528 - STARLINK-1551,
       Rise,         Set, Duration (s),
Is_True,           0.0000%,
Analysis,STARLINK-3528 - STARLINK-3814,
       Rise,         Set, Duration (s),
   50254.356,   51041.496,     787.140,
Is_True,           0.9110%,
Analysis,STARLINK-3528 - STARLINK-2645,
       Rise,         Set, Duration (s),
    6471.983,    7426.785,     954.802,
   17929.481,   21753.885,    3824.404,
   32248.347,   36074.805,    3826.459,
   46573.415,   50401.665,    3828.250,
   60892.392,   61860.619,     968.227,
   75217.628,   76181.084,     963.455,
Is_True,          16.6268%,
Analysis,STARLINK-3528 - STARLINK-1647,
       Rise,         Set, Duration (s),
Is_True,           0.0000%,
Analysis,STARLINK-3528 - STARLINK-3087,
       Rise,         Set, Duration (s),
    4039.670,   17382.146,   13342.477,
   18303.442,   31853.863,   13550.421,
   32579.799,   46299.281,   13719.483,
   46922.136,   60659.339,   13737.203,
   61309.584,   74984.477,   13674.893,
   75771.625,   86400.000,   10628.375,
Is_True,          91.0334%,
Analysis,STARLINK-3528 - STARLINK-2214,
       Rise,         Set, Duration (s),
   14363.966,   15039.274,     675.308,
   28680.412,   29369.318,     688.906,
   42999.886,   43695.472,     695.586,
   57316.558,   58025.129,     708.571,
   71636.095,   72351.089,     714.994,
   85952.981,   86400.000,     447.019,
Is_True,           4.5491%,
Analysis,STARLINK-3528 - STARLINK-3567,
       Rise,         Set, Duration (s),
   64837.055,   86400.000,   21562.945,
Is_True,          24.9571%,
Analysis,STARLINK-3528 - STARLINK-3596,
       Rise,         Set, Duration (s),
   12382.240,   40976.712,   28594.473,
Is_True,          33.0955%,
Analysis,STARLINK-3528 - IOAG-Equatorial,
       Rise,         Set, Duration (s),
       0.000,     136.272,     136.272,
    7858.315,   17372.721,    9514.406,
   19313.301,   34573.540,   15260.239,
   36490.900,   45505.070,    9014.169,
   49693.475,   57577.991,    7884.516,
   59391.158,   63321.223,    3930.065,
   65116.524,   74790.090,    9673.566,
   76566.018,   86288.255,    9722.237,
Is_True,          75.3883%,
Analysis,STARLINK-3528 - IOAG-North1,
       Rise,         Set, Duration (s),
       0.000,    5856.509,    5856.509,
    7837.149,   17336.845,    9499.695,
   19286.647,   34593.732,   15307.085,
   36497.279,   46048.366,    9551.087,
   47923.129,   57531.573,    9608.444,
   59362.180,   63283.404,    3921.224,
   65088.472,   74804.638,    9716.166,
   76560.035,   86280.539,    9720.504,
Is_True,          84.6999%,
Analysis,STARLINK-3528 - IOAG-North2,
       Rise,         Set, Duration (s),
       0.000,    5871.992,    5871.992,
    7846.549,   17360.978,    9514.429,
   19310.604,   34557.406,   15246.802,
   36463.258,   46056.746,    9593.487,
   47921.379,   57571.609,    9650.230,
   59399.340,   63293.867,    3894.527,
   65107.191,   74768.733,    9661.542,
   76534.340,   86278.043,    9743.703,
Is_True,          84.6953%,
Analysis,STARLINK-3528 - IOAG-South1,
       Rise,         Set, Duration (s),
       0.000,    5894.300,    5894.300,
    7880.640,   17372.316,    9491.676,
   19336.855,   34580.806,   15243.951,
   36484.357,   46085.840,    9601.484,
   47962.706,   57573.015,    9610.309,
   59422.728,   63313.655,    3890.927,
   65144.555,   74795.360,    9650.805,
   76567.429,   86315.687,    9748.258,
Is_True,          84.6432%,
Analysis,STARLINK-3528 - IOAG-South2,
       Rise,         Set, Duration (s),
       0.000,    5883.921,    5883.921,
    7869.288,   17362.859,    9493.571,
   19314.967,   34598.865,   15283.898,
   36518.713,   46075.623,    9556.910,
   47961.557,   56920.600,    8959.043,
   59384.576,   63317.972,    3933.396,
   65127.525,   74815.848,    9688.323,
   76596.756,   86303.101,    9706.345,
Is_True,          83.9183%,
Analysis,STARLINK-3716 - STARLINK-1649,
       Rise,         Set, Duration (s),
   31700.602,   32471.041,     770.439,
   42590.219,   49798.046,    7207.827,
   50965.605,   58187.251,    7221.645,
   68211.458,   69142.138,     930.680,
Is_True,          18.6697%,
Analysis,STARLINK-3716 - STARLINK-1052,
       Rise,         Set, Duration (s),
    7063.020,    7774.608,     711.588,
   20945.339,   21990.638,    1045.299,
   32180.858,   36026.355,    3845.497,
   46381.398,   47145.968,     764.569,
Is_True,           7.3692%,
Analysis,STARLINK-3716 - STARLINK-3524,
       Rise,         Set, Duration (s),
Is_True,           0.0000%,
Analysis,STARLINK-3716 - STARLINK-2325,
       Rise,         Set, Duration (s),
       0.000,     680.290,     680.290,
   13993.794,   14680.200,     686.406,
Is_True,           1.5818%,
Analysis,STARLINK-3716 - STARLINK-2451,
       Rise,         Set, Duration (s),
Is_True,           0.0000%,
Analysis,STARLINK-3716 - STARLINK-24,
       Rise,         Set, Duration (s),
Is_True,           0.0000%,
Analysis,STARLINK-3716 - STARLINK-1998,
       Rise,         Set, Duration (s),
       0.000,   10770.643,   10770.643,
   17897.336,   18563.205,     665.868,
Is_True,          13.2367%,
Analysis,STARLINK-3716 - STARLINK-1846,
       Rise,         Set, Duration (s),
Is_True,           0.0000%,
Analysis,STARLINK-3716 - STARLINK-1197,
       Rise,         Set, Duration (s),
   28043.560,   35283.280,    7239.719,
   36324.572,   46486.090,   10161.518,
   53514.820,   54692.650,    1177.830,
Is_True,          21.5036%,
Analysis,STARLINK-3716 - STARLINK-1551,
       Rise,         Set, Duration (s),
       0.000,   15979.108,   15979.108,
Is_True,          18.4943%,
Analysis,STARLINK-3716 - STARLINK-3814,
       Rise,         Set, Duration (s),
   35707.000,   36184.322,     477.322,
   46439.430,   47130.182,     690.753,
   57329.823,   57926.896,     597.074,
Is_True,           2.0430%,
Analysis,STARLINK-3716 - STARLINK-2645,
       Rise,         Set, Duration (s),
   53976.127,   57687.465,    3711.338,
   67858.799,   69096.364,    1237.565,
   76305.989,   83126.728,    6820.738,
Is_True,          13.6223%,
Analysis,STARLINK-3716 - STARLINK-1647,
       Rise,         Set, Duration (s),
   50112.691,   50994.712,     882.021,
   64124.813,   65154.250,    1029.437,
   75458.270,   76362.632,     904.361,
Is_True,           3.2590%,
Analysis,STARLINK-3716 - STARLINK-3087,
       Rise,         Set, Duration (s),
Is_True,           0.0000%,
Analysis,STARLINK-3716 - STARLINK-2214,
       Rise,         Set, Duration (s),
Is_True,           0.0000%,
Analysis,STARLINK-3716 - STARLINK-3567,
       Rise,         Set, Duration (s),
    3363.504,    3927.308,     563.804,
Is_True,           0.6526%,
Analysis,STARLINK-3716 - STARLINK-3596,
       Rise,         Set, Duration (s),
Is_True,           0.0000%,
Analysis,STARLINK-3716 - IOAG-Equatorial,
       Rise,         Set, Duration (s),
       0.000,    1596.525,    1596.525,
    5744.248,    9019.216,    3274.968,
   11013.787,   20127.370,    9113.583,
   22125.767,   31217.838,    9092.070,
   33221.354,   42331.374,    9110.020,
   49930.202,   53464.467,    3534.266,
   55503.848,   64580.939,    9077.090,
   66624.653,   70131.794,    3507.142,
   72176.817,   81242.791,    9065.974,
   83299.974,   86400.000,    3100.026,
Is_True,          69.9904%,
Analysis,STARLINK-3716 - IOAG-North1,
       Rise,         Set, Duration (s),
       0.000,    3432.122,    3432.122,
    5419.070,    8981.791,    3562.722,
   10979.920,   20097.294,    9117.374,
   22110.559,   31228.076,    9117.517,
   33246.516,   42326.681,    9080.165,
   44344.227,   53428.700,    9084.473,
   55469.164,   64554.060,    9084.895,
   66609.171,   70122.777,    3513.606,
   72182.741,   81257.763,    9075.022,
   83308.352,   86400.000,    3091.648,
Is_True,          78.8884%,
Analysis,STARLINK-3716 - IOAG-North2,
       Rise,         Set, Duration (s),
       0.000,    3445.038,    3445.038,
    5442.203,    9009.563,    3567.360,
   11006.816,   20104.708,    9097.892,
   22098.934,   31200.352,    9101.418,
   33219.399,   42320.677,    9101.278,
   44354.828,   53456.451,    9101.623,
   55496.457,   64558.612,    9062.155,
   66599.298,   70109.079,    3509.781,
   72161.406,   81230.292,    9068.886,
   83299.487,   86400.000,    3100.513,
Is_True,          78.8842%,
Analysis,STARLINK-3716 - IOAG-South1,
       Rise,         Set, Duration (s),
       0.000,    3467.483,    3467.483,
    5437.994,    9020.849,    3582.855,
   10990.840,   20123.217,    9132.377,
   22102.814,   31223.922,    9121.107,
   38805.382,   42348.951,    3543.569,
   44369.029,   53468.421,    9099.392,
   55487.046,   64579.702,    9092.657,
   66608.420,   70134.160,    3525.740,
   72172.272,   81253.658,    9081.386,
   83322.256,   86400.000,    3077.744,
Is_True,          72.5976%,
Analysis,STARLINK-3716 - IOAG-South2,
       Rise,         Set, Duration (s),
       0.000,    3457.108,    3457.108,
    5423.039,    9005.747,    3582.708,
   16561.416,   20125.022,    3563.606,
   22122.400,   31239.971,    9117.571,
   33234.095,   42346.720,    9112.625,
   44350.934,   53451.576,    9100.643,
   55480.548,   64582.594,    9102.046,
   66625.354,   70146.213,    3520.858,
   72187.456,   81265.149,    9077.693,
   83311.447,   86400.000,    3088.553,
Is_True,          72.5965%,
Analysis,STARLINK-1649 - STARLINK-1052,
       Rise,         Set, Duration (s),
Is_True,           0.0000%,
Analysis,STARLINK-1649 - STARLINK-3524,
       Rise,         Set, Duration (s),
Is_True,           0.0000%,
Analysis,STARLINK-1649 - STARLINK-2325,
       Rise,         Set, Duration (s),
Is_True,           0.0000%,
Analysis,STARLINK-1649 - STARLINK-2451,
       Rise,         Set, Duration (s),
Is_True,           0.0000%,
Analysis,STARLINK-1649 - STARLINK-24,
       Rise,         Set, Duration (s),
Is_True,           0.0000%,
Analysis,STARLINK-1649 - STARLINK-1998,
       Rise,         Set, Duration (s),
Is_True,           0.0000%,
Analysis,STARLINK-1649 - STARLINK-1846,
       Rise,         Set, Duration (s),
Is_True,           0.0000%,
Analysis,STARLINK-1649 - STARLINK-1197,
       Rise,         Set, Duration (s),
       0.000,     417.772,     417.772,
   14074.177,   14755.160,     680.983,
   28410.448,   29080.639,     670.191,
   42735.448,   43418.010,     682.562,
   57071.727,   57743.479,     671.752,
   71396.737,   72080.833,     684.096,
   85733.023,   86400.000,     666.977,
Is_True,           5.1786%,
Analysis,STARLINK-1649 - STARLINK-1551,
       Rise,         Set, Duration (s),
Is_True,           0.0000%,
Analysis,STARLINK-1649 - STARLINK-3814,
       Rise,         Set, Duration (s),
   49270.049,   53279.447,    4009.399,
   54594.620,   61248.764,    6654.144,
Is_True,          12.3421%,
Analysis,STARLINK-1649 - STARLINK-2645,
       Rise,         Set, Duration (s),
       0.000,   86400.000,   86400.000,
Is_True,         100.0000%,
Analysis,STARLINK-1649 - STARLINK-1647,
       Rise,         Set, Duration (s),
   10348.826,   11193.441,     844.615,
   24680.529,   25524.959,     844.430,
   39011.907,   39856.429,     844.523,
   53343.599,   54187.929,     844.330,
   67674.958,   68519.390,     844.433,
   79140.170,   82850.871,    3710.701,
Is_True,           9.1817%,
Analysis,STARLINK-1649 - STARLINK-3087,
       Rise,         Set, Duration (s),
Is_True,           0.0000%,
Analysis,STARLINK-1649 - STARLINK-2214,
       Rise,         Set, Duration (s),
Is_True,           0.0000%,
Analysis,STARLINK-1649 - STARLINK-3567,
       Rise,         Set, Duration (s),
   14336.664,   14487.488,     150.824,
   28057.131,   28817.024,     759.893,
   39228.773,   40086.940,     858.167,
   53342.341,   54031.369,     689.028,
Is_True,           2.8448%,
Analysis,STARLINK-1649 - STARLINK-3596,
       Rise,         Set, Duration (s),
   10046.478,   10846.367,     799.889,
   21337.288,   21956.187,     618.899,
Is_True,           1.6421%,
Analysis,STARLINK-1649 - IOAG-Equatorial,
       Rise,         Set, Duration (s),
       0.000,    1287.477,    1287.477,
    9193.056,   12802.928,    3609.872,
   14944.222,   24290.770,    9346.548,
   26425.960,   35774.127,    9348.167,
   37911.120,   41527.492,    3616.372,
   49716.981,   53047.703,    3330.722,
   55178.201,   64547.139,    9368.937,
   66668.754,   70286.372,    3617.618,
   72406.850,   81775.054,    9368.204,
   83897.490,   86400.000,    2502.510,
Is_True,          64.1162%,
Analysis,STARLINK-1649 - IOAG-North1,
       Rise,         Set, Duration (s),
       0.000,    7035.518,    7035.518,
    9184.776,   12789.115,    3604.340,
   14936.915,   24295.910,    9358.995,
   26437.810,   35792.022,    9354.212,
   37920.022,   41529.401,    3609.379,
   43665.074,   53032.517,    9367.443,
   55168.949,   64540.896,    9371.946,
   66671.903,   70294.702,    3622.799,
   72420.973,   81785.783,    9364.810,
   83902.746,   86400.000,    2497.254,
Is_True,          77.7624%,
Analysis,STARLINK-1649 - IOAG-North2,
       Rise,         Set, Duration (s),
       0.000,    7050.247,    7050.247,
    9194.376,   12796.633,    3602.257,
   14932.642,   24280.486,    9347.845,
   26424.194,   35787.094,    9362.900,
   37928.491,   41541.044,    3612.553,
   43679.590,   53045.964,    9366.374,
   55174.017,   64528.884,    9354.867,
   66658.180,   70279.835,    3621.655,
   72410.094,   81787.722,    9377.628,
   83914.387,   86400.000,    2485.613,
Is_True,          77.7569%,
Analysis,STARLINK-1649 - IOAG-South1,
       Rise,         Set, Duration (s),
       0.000,    7030.197,    7030.197,
    9169.229,   12773.910,    3604.680,
   14912.102,   24270.338,    9358.237,
   26408.805,   35082.514,    8673.709,
   37929.302,   41541.647,    3612.345,
   43670.314,   53026.351,    9356.037,
   55150.122,   64519.767,    9369.645,
   66642.617,   70271.482,    3628.865,
   72395.636,   81795.594,    9399.958,
   83914.119,   86400.000,    2485.881,
Is_True,          76.9902%,
Analysis,STARLINK-1649 - IOAG-South2,
       Rise,         Set, Duration (s),
       0.000,    7025.633,    7025.633,
    9171.994,   12785.880,    3613.885,
   14935.374,   24285.264,    9349.889,
   26418.662,   35771.899,    9353.236,
   37902.743,   41519.228,    3616.485,
   43649.880,   53025.982,    9376.101,
   55160.337,   64540.872,    9380.535,
   66661.007,   70283.348,    3622.341,
   72400.369,   81773.281,    9372.912,
   83887.728,   86400.000,    2512.272,
Is_True,          77.8047%,
Analysis,STARLINK-1052 - STARLINK-3524,
       Rise,         Set, Duration (s),
Is_True,           0.0000%,
Analysis,STARLINK-1052 - STARLINK-2325,
       Rise,         Set, Duration (s),
Is_True,           0.0000%,
Analysis,STARLINK-1052 - STARLINK-2451,
       Rise,         Set, Duration (s),
Is_True,           0.0000%,
Analysis,STARLINK-1052 - STARLINK-24,
       Rise,         Set, Duration (s),
Is_True,           0.0000%,
Analysis,STARLINK-1052 - STARLINK-1998,
       Rise,         Set, Duration (s),
Is_True,           0.0000%,
Analysis,STARLINK-1052 - STARLINK-1846,
       Rise,         Set, Duration (s),
Is_True,           0.0000%,
Analysis,STARLINK-1052 - STARLINK-1197,
       Rise,         Set, Duration (s),
    3218.052,    4115.199,     897.147,
   17526.984,   18410.516,     883.532,
   31835.848,   32705.981,     870.133,
   46147.305,   46998.591,     851.285,
   57596.792,   61291.667,    3694.875,
   71908.831,   72724.466,     815.634,
   86224.058,   86400.000,     175.942,
Is_True,           9.4775%,
Analysis,STARLINK-1052 - STARLINK-1551,
       Rise,         Set, Duration (s),
Is_True,           0.0000%,
Analysis,STARLINK-1052 - STARLINK-3814,
       Rise,         Set, Duration (s),
   36144.366,   50964.745,   14820.379,
Is_True,          17.1532%,
Analysis,STARLINK-1052 - STARLINK-2645,
       Rise,         Set, Duration (s),
Is_True,           0.0000%,
Analysis,STARLINK-1052 - STARLINK-1647,
       Rise,         Set, Duration (s),
       0.000,     530.322,     530.322,
   13836.274,   14829.222,     992.948,
   28135.640,   29134.959,     999.319,
   39579.745,   43430.558,    3850.813,
   53890.611,   57732.864,    3842.253,
   68194.497,   72025.082,    3830.585,
   82508.620,   83460.955,     952.335,
Is_True,          17.3595%,
Analysis,STARLINK-1052 - STARLINK-3087,
       Rise,         Set, Duration (s),
Is_True,           0.0000%,
Analysis,STARLINK-1052 - STARLINK-2214,
       Rise,         Set, Duration (s),
Is_True,           0.0000%,
Analysis,STARLINK-1052 - STARLINK-3567,
       Rise,         Set, Duration (s),
   17528.784,   18246.204,     717.420,
   28678.511,   29492.279,     813.768,
   42723.120,   43447.702,     724.581,
Is_True,           2.6108%,
Analysis,STARLINK-1052 - STARLINK-3596,
       Rise,         Set, Duration (s),
       0.000,     372.446,     372.446,
Is_True,           0.4311%,
Analysis,STARLINK-1052 - IOAG-Equatorial,
       Rise,         Set, Duration (s),
       0.000,    1517.718,    1517.718,
    5694.520,   13829.842,    8135.322,
   15971.637,   19549.981,    3578.345,
   21691.151,   30979.972,    9288.821,
   33123.456,   42427.144,    9303.688,
   50313.346,   53888.447,    3575.102,
   56044.495,   59613.257,    3568.762,
   61768.497,   71045.609,    9277.112,
   73200.200,   82483.880,    9283.680,
   84644.504,   86400.000,    1755.496,
Is_True,          68.6158%,
Analysis,STARLINK-1052 - IOAG-North1,
       Rise,         Set, Duration (s),
       0.000,    2369.699,    2369.699,
    4502.717,   13826.121,    9323.404,
   15962.985,   19552.497,    3589.512,
   21692.062,   30997.731,    9305.670,
   33142.080,   42428.814,    9286.734,
   44578.143,   53883.493,    9305.349,
   56035.109,   59610.063,    3574.955,
   61763.237,   71058.298,    9295.061,
   73214.546,   82489.359,    9274.813,
   84648.588,   86400.000,    1751.412,
Is_True,          77.6350%,
Analysis,STARLINK-1052 - IOAG-North2,
       Rise,         Set, Duration (s),
       0.000,    2385.169,    2385.169,
    4517.991,   13821.928,    9303.937,
   15957.113,   19536.121,    3579.008,
   21677.288,   30991.248,    9313.960,
   33135.159,   42444.111,    9308.952,
   44592.164,   53887.692,    9295.527,
   56038.626,   59599.158,    3560.532,
   61751.952,   71048.329,    9296.377,
   73205.088,   82501.421,    9296.333,
   84660.299,   86400.000,    1739.701,
Is_True,          77.6383%,
Analysis,STARLINK-1052 - IOAG-South1,
       Rise,         Set, Duration (s),
       0.000,    2365.658,    2365.658,
    4500.354,   13798.475,    9298.120,
   15939.933,   19520.057,    3580.124,
   21664.202,   30976.284,    9312.082,
   33126.982,   42434.133,    9307.150,
   44582.180,   53863.167,    9280.987,
   56016.663,   59582.281,    3565.618,
   61737.943,   71031.561,    9293.618,
   73192.013,   82499.945,    9307.933,
   84658.021,   86400.000,    1741.979,
Is_True,          77.6080%,
Analysis,STARLINK-1052 - IOAG-South2,
       Rise,         Set, Duration (s),
       0.000,    2351.941,    2351.941,
    4489.955,   13180.385,    8690.430,
   15964.526,   19544.181,    3579.655,
   21684.267,   30971.939,    9287.673,
   33118.698,   42412.574,    9293.876,
   44564.282,   53870.579,    9306.296,
   56029.153,   59608.651,    3579.499,
   61762.979,   71037.704,    9274.725,
   73194.370,   82473.926,    9279.555,
   84634.424,   86400.000,    1765.576,
Is_True,          76.8625%,
Analysis,STARLINK-3524 - STARLINK-2325,
       Rise,         Set, Duration (s),
Is_True,           0.0000%,
Analysis,STARLINK-3524 - STARLINK-2451,
       Rise,         Set, Duration (s),
       0.000,     176.925,     176.925,
   10755.064,   14500.112,    3745.048,
   25077.831,   28817.795,    3739.964,
   39405.665,   40273.980,     868.315,
   53728.526,   54596.857,     868.331,
   68056.580,   68914.026,     857.446,
   82379.540,   83236.677,     857.137,
Is_True,          12.8625%,
Analysis,STARLINK-3524 - STARLINK-24,
       Rise,         Set, Duration (s),
   10338.516,   11149.201,     810.685,
   24530.262,   25402.012,     871.750,
   35894.141,   39640.161,    3746.020,
   50111.240,   51021.100,     909.860,
   64340.998,   65234.916,     893.918,
   78584.465,   79435.212,     850.746,
Is_True,           9.3553%,
Analysis,STARLINK-3524 - STARLINK-1998,
       Rise,         Set, Duration (s),
    3041.346,   10342.707,    7301.361,
   17365.305,   24668.815,    7303.510,
   31668.298,   39009.308,    7341.009,
   40267.395,   53334.524,   13067.129,
   54571.067,   67673.861,   13102.793,
   68896.566,   76265.576,    7369.010,
   83201.111,   86400.000,    3198.889,
Is_True,          67.9210%,
Analysis,STARLINK-3524 - STARLINK-1846,
       Rise,         Set, Duration (s),
       0.000,   67894.858,   67894.858,
   68599.051,   82023.712,   13424.661,
   83019.707,   86400.000,    3380.293,
Is_True,          98.0322%,
Analysis,STARLINK-3524 - STARLINK-1197,
       Rise,         Set, Duration (s),
Is_True,           0.0000%,
Analysis,STARLINK-3524 - STARLINK-1551,
       Rise,         Set, Duration (s),
    6568.242,    7442.764,     874.522,
   20881.912,   21777.321,     895.409,
   32336.698,   36102.021,    3765.323,
   46659.890,   50435.984,    3776.095,
   60974.085,   61899.173,     925.087,
   75297.517,   76223.296,     925.779,
Is_True,          12.9192%,
Analysis,STARLINK-3524 - STARLINK-3814,
       Rise,         Set, Duration (s),
       0.000,     758.823,     758.823,
   71507.033,   72357.788,     850.755,
   82574.597,   83291.876,     717.279,
Is_True,           2.6931%,
Analysis,STARLINK-3524 - STARLINK-2645,
       Rise,         Set, Duration (s),
Is_True,           0.0000%,
Analysis,STARLINK-3524 - STARLINK-1647,
       Rise,         Set, Duration (s),
Is_True,           0.0000%,
Analysis,STARLINK-3524 - STARLINK-3087,
       Rise,         Set, Duration (s),
Is_True,           0.0000%,
Analysis,STARLINK-3524 - STARLINK-2214,
       Rise,         Set, Duration (s),
   10690.959,   11404.603,     713.644,
   25018.219,   25723.679,     705.460,
   39346.652,   40040.676,     694.024,
   53674.076,   54359.457,     685.382,
   68002.830,   68675.978,     673.147,
   82330.433,   82994.448,     664.015,
Is_True,           4.7867%,
Analysis,STARLINK-3524 - STARLINK-3567,
       Rise,         Set, Duration (s),
Is_True,           0.0000%,
Analysis,STARLINK-3524 - STARLINK-3596,
       Rise,         Set, Duration (s),
   46857.897,   75736.645,   28878.748,
Is_True,          33.4245%,
Analysis,STARLINK-3524 - IOAG-Equatorial,
       Rise,         Set, Duration (s),
    6280.968,   10048.936,    3767.969,
   12008.670,   21528.218,    9519.549,
   23462.708,   27259.677,    3796.969,
   29188.592,   38734.049,    9545.457,
   40639.008,   44484.098,    3845.091,
   52088.897,   55993.930,    3905.033,
   57813.900,   67476.405,    9662.505,
   69264.376,   78949.027,    9684.651,
   80712.249,   84700.898,    3988.649,
Is_True,          66.8008%,
Analysis,STARLINK-3524 - IOAG-North1,
       Rise,         Set, Duration (s),
     545.317,   10013.164,    9467.847,
   11983.436,   21501.248,    9517.813,
   23438.855,   27252.848,    3813.993,
   29173.886,   38747.297,    9573.412,
   40638.826,   50204.609,    9565.783,
   52064.933,   55948.034,    3883.101,
   57785.435,   67454.258,    9668.823,
   69240.409,   78978.102,    9737.692,
   80718.750,   84702.106,    3983.357,
Is_True,          80.1063%,
Analysis,STARLINK-3524 - IOAG-North2,
       Rise,         Set, Duration (s),
     532.127,   10040.427,    9508.300,
   12006.852,   21505.491,    9498.639,
   23449.073,   27236.347,    3787.273,
   29165.505,   38720.690,    9555.185,
   40612.002,   50227.766,    9615.764,
   52077.952,   55987.160,    3909.208,
   57820.940,   67445.080,    9624.139,
   69244.127,   78934.387,    9690.259,
   80678.335,   84690.610,    4012.276,
Is_True,          80.0938%,
Analysis,STARLINK-3524 - IOAG-South1,
       Rise,         Set, Duration (s),
     564.736,   10053.874,    9489.137,
   12033.329,   21528.774,    9495.445,
   23482.836,   27264.209,    3781.373,
   29200.099,   38748.676,    9548.577,
   40641.073,   50248.517,    9607.444,
   52116.794,   55991.230,    3874.436,
   57845.440,   67472.208,    9626.768,
   69286.134,   78902.656,    9616.522,
   80701.777,   84728.820,    4027.043,
Is_True,          79.9384%,
Analysis,STARLINK-3524 - IOAG-South2,
       Rise,         Set, Duration (s),
     575.300,   10038.274,    9462.975,
   17732.949,   21530.663,    3797.715,
   23475.241,   27276.149,    3800.908,
   29210.973,   38757.088,    9546.116,
   40666.527,   50232.549,    9566.022,
   52100.847,   55972.555,    3871.708,
   57808.293,   67485.519,    9677.226,
   69285.381,   78977.263,    9691.882,
   80744.990,   84720.500,    3975.510,
Is_True,          73.3681%,
Analysis,STARLINK-2325 - STARLINK-2451,
       Rise,         Set, Duration (s),
Is_True,           0.0000%,
Analysis,STARLINK-2325 - STARLINK-24,
       Rise,         Set, Duration (s),
    6723.168,    7243.888,     520.720,
   32196.017,   32980.245,     784.228,
   46372.687,   47252.811,     880.124,
   60574.461,   61499.877,     925.417,
   71944.890,   75737.186,    3792.296,
   86169.415,   86400.000,     230.585,
Is_True,           8.2562%,
Analysis,STARLINK-2325 - STARLINK-1998,
       Rise,         Set, Duration (s),
       0.000,     447.715,     447.715,
   13948.110,   14773.090,     824.980,
   28283.114,   29090.244,     807.130,
   42609.123,   43415.670,     806.547,
   56944.441,   57732.737,     788.296,
   71270.597,   72058.225,     787.628,
   82735.314,   83515.242,     779.928,
Is_True,           6.0674%,
Analysis,STARLINK-2325 - STARLINK-1846,
       Rise,         Set, Duration (s),
Is_True,           0.0000%,
Analysis,STARLINK-2325 - STARLINK-1197,
       Rise,         Set, Duration (s),
   10310.368,   11116.198,     805.829,
   24623.486,   25453.343,     829.857,
   38949.658,   39777.443,     827.785,
   53263.369,   54114.234,     850.864,
   64719.586,   68438.220,    3718.634,
   79046.281,   79902.413,     856.131,
Is_True,           9.1309%,
Analysis,STARLINK-2325 - STARLINK-1551,
       Rise,         Set, Duration (s),
       0.000,    3679.449,    3679.449,
   14214.632,   18006.554,    3791.922,
   28540.238,   29467.958,     927.720,
   42866.732,   43794.308,     927.575,
   57192.543,   58121.413,     928.870,
   71519.292,   72447.690,     928.398,
   85845.299,   86400.000,     554.701,
Is_True,          13.5864%,
Analysis,STARLINK-2325 - STARLINK-3814,
       Rise,         Set, Duration (s),
   10279.761,   14272.573,    3992.812,
   14791.509,   22349.810,    7558.301,
Is_True,          13.3693%,
Analysis,STARLINK-2325 - STARLINK-2645,
       Rise,         Set, Duration (s),
Is_True,           0.0000%,
Analysis,STARLINK-2325 - STARLINK-1647,
       Rise,         Set, Duration (s),
Is_True,           0.0000%,
Analysis,STARLINK-2325 - STARLINK-3087,
       Rise,         Set, Duration (s),
Is_True,           0.0000%,
Analysis,STARLINK-2325 - STARLINK-2214,
       Rise,         Set, Duration (s),
Is_True,           0.0000%,
Analysis,STARLINK-2325 - STARLINK-3567,
       Rise,         Set, Duration (s),
       0.000,      99.066,      99.066,
   10278.047,   11274.511,     996.464,
Is_True,           1.2680%,
Analysis,STARLINK-2325 - STARLINK-3596,
       Rise,         Set, Duration (s),
   78978.601,   86065.391,    7086.790,
Is_True,           8.2023%,
Analysis,STARLINK-2325 - IOAG-Equatorial,
       Rise,         Set, Duration (s),
       0.000,    1650.509,    1650.509,
    5717.457,   10056.670,    4339.213,
   11133.358,   21588.569,   10455.212,
   22650.417,   38848.497,   16198.079,
   39906.537,   44631.225,    4724.688,
   49481.797,   67678.924,   18197.127,
   68811.034,   79162.261,   10351.228,
   80318.245,   86400.000,    6081.755,
Is_True,          83.3308%,
Analysis,STARLINK-2325 - IOAG-North1,
       Rise,         Set, Duration (s),
       0.000,   10047.097,   10047.097,
   11027.566,   38858.551,   27830.985,
   39925.397,   67727.732,   27802.335,
   68774.441,   79176.247,   10401.806,
   80372.050,   86400.000,    6027.950,
Is_True,          95.0349%,
Analysis,STARLINK-2325 - IOAG-North2,
       Rise,         Set, Duration (s),
       0.000,   10061.094,   10061.094,
   11114.124,   21560.028,   10445.904,
   22585.637,   38932.833,   16347.196,
   39861.042,   67691.815,   27830.773,
   68741.124,   86400.000,   17658.876,
Is_True,          95.3054%,
Analysis,STARLINK-2325 - IOAG-South1,
       Rise,         Set, Duration (s),
       0.000,    9965.721,    9965.721,
   11155.860,   21494.592,   10338.732,
   22660.175,   35222.326,   12562.151,
   39950.308,   50348.158,   10397.849,
   51515.009,   67609.240,   16094.231,
   68799.640,   79191.222,   10391.583,
   80354.901,   86400.000,    6045.099,
Is_True,          87.7261%,
Analysis,STARLINK-2325 - IOAG-South2,
       Rise,         Set, Duration (s),
       0.000,    9989.904,    9989.904,
   16870.138,   21561.509,    4691.372,
   22667.745,   38797.175,   16129.429,
   39963.726,   50349.161,   10385.435,
   51473.280,   67644.315,   16171.035,
   68834.683,   79113.715,   10279.032,
   80366.582,   86400.000,    6033.418,
Is_True,          85.2773%,
Analysis,STARLINK-2451 - STARLINK-24,
       Rise,         Set, Duration (s),
       0.000,   13628.781,   13628.781,
   14466.051,   21655.090,    7189.039,
Is_True,          24.0947%,
Analysis,STARLINK-2451 - STARLINK-1998,
       Rise,         Set, Duration (s),
Is_True,           0.0000%,
Analysis,STARLINK-2451 - STARLINK-1846,
       Rise,         Set, Duration (s),
       0.000,     313.773,     313.773,
   13803.328,   14648.537,     845.209,
   28138.356,   28975.270,     836.915,
   42464.941,   43310.048,     845.107,
   53929.588,   57636.775,    3707.188,
   68264.631,   69101.379,     836.748,
   82591.209,   83436.176,     844.967,
Is_True,           9.5254%,
Analysis,STARLINK-2451 - STARLINK-1197,
       Rise,         Set, Duration (s),
Is_True,           0.0000%,
Analysis,STARLINK-2451 - STARLINK-1551,
       Rise,         Set, Duration (s),
Is_True,           0.0000%,
Analysis,STARLINK-2451 - STARLINK-3814,
       Rise,         Set, Duration (s),
    4147.283,   13522.283,    9375.000,
   78458.511,   80043.173,    1584.661,
Is_True,          12.6848%,
Analysis,STARLINK-2451 - STARLINK-2645,
       Rise,         Set, Duration (s),
Is_True,           0.0000%,
Analysis,STARLINK-2451 - STARLINK-1647,
       Rise,         Set, Duration (s),
Is_True,           0.0000%,
Analysis,STARLINK-2451 - STARLINK-3087,
       Rise,         Set, Duration (s),
    2995.138,    3858.915,     863.776,
   17372.250,   18259.799,     887.549,
   31757.482,   32652.528,     895.046,
   46140.537,   47047.323,     906.786,
   60532.282,   61433.212,     900.930,
   74921.437,   75821.782,     900.345,
Is_True,           6.1973%,
Analysis,STARLINK-2451 - STARLINK-2214,
       Rise,         Set, Duration (s),
       0.000,   86400.000,   86400.000,
Is_True,         100.0000%,
Analysis,STARLINK-2451 - STARLINK-3567,
       Rise,         Set, Duration (s),
   61078.091,   61353.418,     275.327,
   74866.587,   75636.187,     769.599,
   86052.735,   86400.000,     347.265,
Is_True,           1.6113%,
Analysis,STARLINK-2451 - STARLINK-3596,
       Rise,         Set, Duration (s),
   42767.014,   43551.833,     784.819,
   53963.007,   54754.553,     791.546,
   68121.911,   68596.595,     474.684,
Is_True,           2.3739%,
Analysis,STARLINK-2451 - IOAG-Equatorial,
       Rise,         Set, Duration (s),
    7297.056,   16646.309,    9349.253,
   18795.206,   28125.776,    9330.570,
   30272.030,   33867.119,    3595.089,
   36014.822,   45373.431,    9358.610,
   49584.255,   56888.286,    7304.031,
   59028.351,   68375.406,    9347.055,
   70509.515,   74114.052,    3604.537,
   76248.656,   85611.695,    9363.039,
Is_True,          70.8937%,
Analysis,STARLINK-2451 - IOAG-North1,
       Rise,         Set, Duration (s),
    1538.461,    5132.097,    3593.636,
    7289.880,   16637.309,    9347.428,
   18792.596,   28140.107,    9347.511,
   30289.253,   33886.693,    3597.441,
   36028.849,   45369.345,    9340.496,
   47517.811,   56874.066,    9356.255,
   59020.700,   68379.689,    9358.989,
   70520.255,   74130.654,    3610.399,
   76265.677,   85613.572,    9347.895,
Is_True,          77.4306%,
Analysis,STARLINK-2451 - IOAG-North2,
       Rise,         Set, Duration (s),
    1553.885,    5147.053,    3593.168,
    7301.597,   16630.263,    9328.666,
   18778.890,   28125.964,    9347.074,
   30279.393,   33878.668,    3599.276,
   36030.902,   45383.786,    9352.884,
   47530.953,   56879.998,    9349.046,
   59014.451,   68365.638,    9351.187,
   70508.409,   74117.812,    3609.403,
   76259.942,   85624.282,    9364.340,
Is_True,          77.4248%,
Analysis,STARLINK-2451 - IOAG-South1,
       Rise,         Set, Duration (s),
    1540.060,    5128.854,    3588.794,
    7278.393,   16615.390,    9336.996,
   18764.363,   28115.216,    9350.852,
   30266.114,   33873.957,    3607.843,
   36034.606,   45374.944,    9340.338,
   47514.071,   56859.663,    9345.593,
   58996.551,   68355.477,    9358.925,
   70493.047,   74110.075,    3617.028,
   76250.278,   85625.730,    9375.453,
Is_True,          77.4558%,
Analysis,STARLINK-2451 - IOAG-South2,
       Rise,         Set, Duration (s),
    1523.747,    5120.454,    3596.708,
    7275.822,   10877.075,    3601.253,
   18789.558,   28121.654,    9332.096,
   30265.743,   33864.349,    3598.606,
   36007.769,   45358.526,    9350.756,
   47502.357,   56873.135,    9370.777,
   59021.466,   68370.315,    9348.850,
   70502.368,   74112.416,    3610.048,
   76242.869,   85603.705,    9360.836,
Is_True,          70.7985%,
Analysis,STARLINK-24 - STARLINK-1998,
       Rise,         Set, Duration (s),
   64645.850,   65436.879,     791.029,
   78710.440,   79832.159,    1121.719,
Is_True,           2.2138%,
Analysis,STARLINK-24 - STARLINK-1846,
       Rise,         Set, Duration (s),
   10514.820,   11295.373,     780.553,
   24795.018,   25475.584,     680.566,
   39099.692,   39631.820,     532.128,
Is_True,           2.3070%,
Analysis,STARLINK-24 - STARLINK-1197,
       Rise,         Set, Duration (s),
Is_True,           0.0000%,
Analysis,STARLINK-24 - STARLINK-1551,
       Rise,         Set, Duration (s),
   62063.681,   86400.000,   24336.319,
Is_True,          28.1670%,
Analysis,STARLINK-24 - STARLINK-3814,
       Rise,         Set, Duration (s),
    6798.264,    7611.627,     813.363,
   17748.059,   18500.556,     752.498,
Is_True,           1.8123%,
Analysis,STARLINK-24 - STARLINK-2645,
       Rise,         Set, Duration (s),
Is_True,           0.0000%,
Analysis,STARLINK-24 - STARLINK-1647,
       Rise,         Set, Duration (s),
Is_True,           0.0000%,
Analysis,STARLINK-24 - STARLINK-3087,
       Rise,         Set, Duration (s),
       0.000,     720.886,     720.886,
   13998.790,   15047.806,    1049.017,
   28296.317,   29322.580,    1026.263,
   42660.289,   43531.488,     871.199,
   57097.400,   57667.818,     570.418,
Is_True,           4.9048%,
Analysis,STARLINK-24 - STARLINK-2214,
       Rise,         Set, Duration (s),
       0.000,   27106.878,   27106.878,
Is_True,          31.3737%,
Analysis,STARLINK-24 - STARLINK-3567,
       Rise,         Set, Duration (s),
Is_True,           0.0000%,
Analysis,STARLINK-24 - STARLINK-3596,
       Rise,         Set, Duration (s),
   39445.973,   39991.516,     545.542,
   53240.159,   54009.889,     769.730,
   64345.937,   65152.340,     806.403,
   75510.864,   76235.749,     724.885,
Is_True,           3.2946%,
Analysis,STARLINK-24 - IOAG-Equatorial,
       Rise,         Set, Duration (s),
    6896.770,   10546.668,    3649.898,
   12577.489,   16223.585,    3646.096,
   18248.928,   27550.120,    9301.192,
   29571.402,   38887.359,    9315.957,
   40912.883,   44571.051,    3658.167,
   52283.129,   55942.598,    3659.469,
   57963.079,   67279.560,    9316.481,
   69293.870,   78604.544,    9310.674,
   80622.929,   86400.000,    5777.071,
Is_True,          66.7072%,
Analysis,STARLINK-24 - IOAG-North1,
       Rise,         Set, Duration (s),
    1208.222,   10517.610,    9309.388,
   12561.798,   16196.697,    3634.899,
   18239.276,   27558.511,    9319.235,
   29591.131,   38899.765,    9308.633,
   40917.242,   50233.431,    9316.188,
   52266.328,   55909.759,    3643.431,
   57944.045,   67269.148,    9325.103,
   69299.725,   78629.314,    9329.589,
   80640.184,   86400.000,    5759.816,
Is_True,          79.7989%,
Analysis,STARLINK-24 - IOAG-North2,
       Rise,         Set, Duration (s),
    1226.781,   10540.982,    9314.201,
   12570.490,   16206.426,    3635.936,
   18226.818,   27537.552,    9310.734,
   29574.572,   38893.130,    9318.559,
   40929.949,   50255.272,    9325.323,
   52282.631,   55934.839,    3652.207,
   57949.452,   67255.946,    9306.495,
   69282.708,   78603.868,    9321.160,
   80636.969,   86400.000,    5763.031,
Is_True,          79.8005%,
Analysis,STARLINK-24 - IOAG-South1,
       Rise,         Set, Duration (s),
    1214.575,   10525.399,    9310.824,
   12542.243,   16195.638,    3653.394,
   18211.237,   27541.892,    9330.655,
   29562.790,   38909.823,    9347.033,
   40932.278,   50253.042,    9320.764,
   52259.965,   55922.181,    3662.215,
   57927.083,   67262.826,    9335.744,
   69271.852,   78616.695,    9344.842,
   80645.408,   86400.000,    5754.592,
Is_True,          79.9306%,
Analysis,STARLINK-24 - IOAG-South2,
       Rise,         Set, Duration (s),
    1193.444,   10522.146,    9328.703,
   12556.447,   16210.552,    3654.105,
   18241.373,   27554.997,    9313.623,
   29567.334,   38894.316,    9326.982,
   40903.422,   50239.798,    9336.376,
   52256.876,   55919.517,    3662.641,
   57947.720,   67280.366,    9332.646,
   69288.975,   78618.505,    9329.530,
   80621.963,   86400.000,    5778.037,
Is_True,          79.9336%,
Analysis,STARLINK-1998 - STARLINK-1846,
       Rise,         Set, Duration (s),
Is_True,           0.0000%,
Analysis,STARLINK-1998 - STARLINK-1197,
       Rise,         Set, Duration (s),
Is_True,           0.0000%,
Analysis,STARLINK-1998 - STARLINK-1551,
       Rise,         Set, Duration (s),
       0.000,   86400.000,   86400.000,
Is_True,         100.0000%,
Analysis,STARLINK-1998 - STARLINK-3814,
       Rise,         Set, Duration (s),
   13948.709,   14634.461,     685.752,
   25025.937,   25573.444,     547.507,
Is_True,           1.4274%,
Analysis,STARLINK-1998 - STARLINK-2645,
       Rise,         Set, Duration (s),
Is_True,           0.0000%,
Analysis,STARLINK-1998 - STARLINK-1647,
       Rise,         Set, Duration (s),
Is_True,           0.0000%,
Analysis,STARLINK-1998 - STARLINK-3087,
       Rise,         Set, Duration (s),
Is_True,           0.0000%,
Analysis,STARLINK-1998 - STARLINK-2214,
       Rise,         Set, Duration (s),
Is_True,           0.0000%,
Analysis,STARLINK-1998 - STARLINK-3567,
       Rise,         Set, Duration (s),
Is_True,           0.0000%,
Analysis,STARLINK-1998 - STARLINK-3596,
       Rise,         Set, Duration (s),
   60393.442,   67632.671,    7239.229,
   68712.356,   78478.394,    9766.038,
Is_True,          19.6820%,
Analysis,STARLINK-1998 - IOAG-Equatorial,
       Rise,         Set, Duration (s),
    6041.262,    9667.699,    3626.437,
   11790.200,   21145.245,    9355.045,
   23272.558,   26880.309,    3607.751,
   29008.797,   38353.943,    9345.146,
   40490.102,   44095.236,    3605.134,
   51984.703,   55580.415,    3595.712,
   57729.585,   67055.911,    9326.326,
   69206.168,   78527.150,    9320.982,
   80680.494,   84266.852,    3586.358,
Is_True,          64.0844%,
Analysis,STARLINK-1998 - IOAG-North1,
       Rise,         Set, Duration (s),
     282.016,    9642.583,    9360.567,
   11760.315,   21123.520,    9363.205,
   23254.455,   26869.441,    3614.986,
   29005.911,   38361.971,    9356.060,
   40492.690,   49817.629,    9324.939,
   51959.791,   55554.207,    3594.416,
   57701.106,   67038.775,    9337.668,
   69193.451,   78536.820,    9343.369,
   80692.043,   84266.861,    3574.818,
Is_True,          77.3959%,
Analysis,STARLINK-1998 - IOAG-North2,
       Rise,         Set, Duration (s),
     279.106,    9660.505,    9381.399,
   11785.534,   21133.181,    9347.647,
   23254.303,   26862.798,    3608.495,
   28991.075,   38337.742,    9346.667,
   40477.678,   49827.660,    9349.983,
   51976.804,   55577.897,    3601.093,
   57728.450,   67040.139,    9311.689,
   69187.851,   78510.835,    9322.985,
   80666.154,   84252.315,    3586.161,
Is_True,          77.3798%,
Analysis,STARLINK-1998 - IOAG-South1,
       Rise,         Set, Duration (s),
     303.271,    9680.744,    9377.473,
   11795.051,   21155.832,    9360.781,
   23276.045,   26889.239,    3613.194,
   29013.696,   38356.726,    9343.029,
   40500.751,   49851.129,    9350.378,
   51994.500,   55591.695,    3597.194,
   57735.689,   67064.366,    9328.677,
   69211.019,   78528.573,    9317.553,
   80684.290,   84275.519,    3591.229,
Is_True,          77.4068%,
Analysis,STARLINK-1998 - IOAG-South2,
       Rise,         Set, Duration (s),
     302.244,    9666.959,    9364.716,
   17527.191,   21148.835,    3621.644,
   23278.890,   26894.657,    3615.768,
   29024.822,   38374.372,    9349.550,
   40507.480,   49842.915,    9335.435,
   51981.604,   55573.843,    3592.238,
   57718.507,   67064.524,    9346.017,
   69217.605,   78547.654,    9330.049,
   80700.423,   84284.711,    3584.288,
Is_True,          70.7635%,
Analysis,STARLINK-1846 - STARLINK-1197,
       Rise,         Set, Duration (s),
Is_True,           0.0000%,
Analysis,STARLINK-1846 - STARLINK-1551,
       Rise,         Set, Duration (s),
Is_True,           0.0000%,
Analysis,STARLINK-1846 - STARLINK-3814,
       Rise,         Set, Duration (s),
       0.000,     912.278,     912.278,
   60623.486,   61605.882,     982.395,
   71605.228,   72560.175,     954.948,
Is_True,           3.2982%,
Analysis,STARLINK-1846 - STARLINK-2645,
       Rise,         Set, Duration (s),
    2990.674,    3923.659,     932.985,
   17327.311,   18248.673,     921.362,
   28791.979,   32585.320,    3793.341,
   43116.993,   46910.321,    3793.328,
   57453.651,   61246.985,    3793.334,
   71778.651,   72711.653,     933.001,
   86115.325,   86400.000,     284.675,
Is_True,          16.7269%,
Analysis,STARLINK-1846 - STARLINK-1647,
       Rise,         Set, Duration (s),
Is_True,           0.0000%,
Analysis,STARLINK-1846 - STARLINK-3087,
       Rise,         Set, Duration (s),
    6734.782,    7769.735,    1034.952,
   21196.415,   22087.013,     890.598,
   35703.699,   36358.450,     654.751,
   50242.624,   50598.566,     355.942,
Is_True,           3.3984%,
Analysis,STARLINK-1846 - STARLINK-2214,
       Rise,         Set, Duration (s),
       0.000,     203.638,     203.638,
   10757.816,   14535.984,    3778.168,
   25087.194,   28865.496,    3778.302,
   39419.602,   40330.240,     910.638,
   53748.975,   54662.597,     913.621,
   68081.391,   68992.100,     910.709,
   82410.760,   83324.464,     913.704,
Is_True,          13.2046%,
Analysis,STARLINK-1846 - STARLINK-3567,
       Rise,         Set, Duration (s),
   79082.575,   79371.816,     289.241,
Is_True,           0.3348%,
Analysis,STARLINK-1846 - STARLINK-3596,
       Rise,         Set, Duration (s),
   35102.060,   61485.339,   26383.279,
Is_True,          30.5362%,
Analysis,STARLINK-1846 - IOAG-Equatorial,
       Rise,         Set, Duration (s),
    6832.556,   16852.458,   10019.903,
   18296.991,   28356.032,   10059.041,
   29760.340,   45437.634,   15677.294,
   49644.421,   57347.436,    7703.015,
   58386.295,   86301.990,   27915.695,
Is_True,          82.6099%,
Analysis,STARLINK-1846 - IOAG-North1,
       Rise,         Set, Duration (s),
    1086.515,   16796.049,   15709.534,
   18251.351,   28378.368,   10127.017,
   29732.430,   45675.756,   15943.325,
   46910.528,   57272.112,   10361.584,
   58326.699,   86312.193,   27985.494,
Is_True,          92.7395%,
Analysis,STARLINK-1846 - IOAG-North2,
       Rise,         Set, Duration (s),
    1065.691,   16817.806,   15752.115,
   18300.284,   28331.616,   10031.333,
   29716.785,   45716.266,   15999.482,
   46894.714,   57314.266,   10419.552,
   58409.194,   86400.000,   27990.806,
Is_True,          92.8163%,
Analysis,STARLINK-1846 - IOAG-South1,
       Rise,         Set, Duration (s),
    1120.790,   16809.322,   15688.532,
   18341.537,   28345.927,   10004.391,
   29779.664,   45720.518,   15940.854,
   46981.365,   57261.261,   10279.896,
   58463.343,   86362.251,   27898.908,
Is_True,          92.3757%,
Analysis,STARLINK-1846 - IOAG-South2,
       Rise,         Set, Duration (s),
    1136.157,   13344.831,   12208.674,
   18295.458,   28369.775,   10074.317,
   29802.120,   45678.549,   15876.429,
   46987.769,   56914.223,    9926.453,
   58375.367,   74660.647,   16285.281,
   75640.334,   86242.771,   10602.437,
Is_True,          86.7750%,
Analysis,STARLINK-1197 - STARLINK-1551,
       Rise,         Set, Duration (s),
Is_True,           0.0000%,
Analysis,STARLINK-1197 - STARLINK-3814,
       Rise,         Set, Duration (s),
Is_True,           0.0000%,
Analysis,STARLINK-1197 - STARLINK-2645,
       Rise,         Set, Duration (s),
Is_True,           0.0000%,
Analysis,STARLINK-1197 - STARLINK-1647,
       Rise,         Set, Duration (s),
Is_True,           0.0000%,
Analysis,STARLINK-1197 - STARLINK-3087,
       Rise,         Set, Duration (s),
Is_True,           0.0000%,
Analysis,STARLINK-1197 - STARLINK-2214,
       Rise,         Set, Duration (s),
Is_True,           0.0000%,
Analysis,STARLINK-1197 - STARLINK-3567,
       Rise,         Set, Duration (s),
    1845.271,   31858.905,   30013.634,
Is_True,          34.7380%,
Analysis,STARLINK-1197 - STARLINK-3596,
       Rise,         Set, Duration (s),
   82460.426,   83263.099,     802.673,
Is_True,           0.9290%,
Analysis,STARLINK-1197 - IOAG-Equatorial,
       Rise,         Set, Duration (s),
       0.000,    1547.258,    1547.258,
    5646.377,   13985.754,    8339.377,
   16141.034,   19722.799,    3581.765,
   21878.172,   31191.841,    9313.669,
   33348.227,   42668.055,    9319.829,
   50570.733,   59891.353,    9320.620,
   62050.498,   71361.977,    9311.479,
   73519.801,   77097.194,    3577.393,
   79255.232,   86400.000,    7144.768,
Is_True,          71.1298%,
Analysis,STARLINK-1197 - IOAG-North1,
       Rise,         Set, Duration (s),
       0.000,    2491.909,    2491.909,
    4638.142,   13960.181,    9322.040,
   16114.473,   19700.355,    3585.882,
   21857.754,   31191.432,    9333.678,
   33353.859,   42663.014,    9309.155,
   44818.024,   48392.253,    3574.229,
   50549.979,   59865.847,    9315.868,
   62026.340,   71354.313,    9327.973,
   73516.104,   77103.917,    3587.813,
   79264.907,   86400.000,    7135.093,
Is_True,          77.5274%,
Analysis,STARLINK-1197 - IOAG-North2,
       Rise,         Set, Duration (s),
       0.000,    2490.823,    2490.823,
    4644.375,   13986.031,    9341.656,
   16139.495,   19714.113,    3574.618,
   21864.068,   31174.739,    9310.671,
   33331.764,   42653.659,    9321.895,
   44814.881,   48398.474,    3583.593,
   50561.324,   59889.425,    9328.101,
   62043.284,   71344.580,    9301.295,
   73502.060,   77080.698,    3578.638,
   79238.603,   86400.000,    7161.397,
Is_True,          77.5378%,
Analysis,STARLINK-1197 - IOAG-South1,
       Rise,         Set, Duration (s),
       0.000,    2516.274,    2516.274,
    4667.863,   13997.253,    9329.391,
   16148.894,   19733.177,    3584.283,
   21885.377,   31197.441,    9312.064,
   39091.748,   42677.788,    3586.040,
   44840.433,   48422.519,    3582.086,
   50583.574,   59900.817,    9317.242,
   62059.651,   71368.821,    9309.170,
   73525.046,   77099.839,    3574.793,
   79255.550,   86400.000,    7144.450,
Is_True,          70.8979%,
Analysis,STARLINK-1197 - IOAG-South2,
       Rise,         Set, Duration (s),
       0.000,    2517.038,    2517.038,
    4662.279,   13166.972,    8504.693,
   16132.432,   19723.071,    3590.639,
   21882.563,   31210.346,    9327.783,
   33367.889,   42684.015,    9316.126,
   44840.900,   48417.095,    3576.195,
   50573.650,   59884.241,    9310.591,
   62048.603,   71377.101,    9328.498,
   73537.297,   77117.127,    3579.829,
   79275.609,   86400.000,    7124.391,
Is_True,          76.5923%,
Analysis,STARLINK-1551 - STARLINK-3814,
       Rise,         Set, Duration (s),
Is_True,           0.0000%,
Analysis,STARLINK-1551 - STARLINK-2645,
       Rise,         Set, Duration (s),
Is_True,           0.0000%,
Analysis,STARLINK-1551 - STARLINK-1647,
       Rise,         Set, Duration (s),
Is_True,           0.0000%,
Analysis,STARLINK-1551 - STARLINK-3087,
       Rise,         Set, Duration (s),
Is_True,           0.0000%,
Analysis,STARLINK-1551 - STARLINK-2214,
       Rise,         Set, Duration (s),
Is_True,           0.0000%,
Analysis,STARLINK-1551 - STARLINK-3567,
       Rise,         Set, Duration (s),
Is_True,           0.0000%,
Analysis,STARLINK-1551 - STARLINK-3596,
       Rise,         Set, Duration (s),
   61048.613,   61906.008,     857.396,
   75018.140,   75927.494,     909.354,
Is_True,           2.0448%,
Analysis,STARLINK-1551 - IOAG-Equatorial,
       Rise,         Set, Duration (s),
       0.000,    1617.660,    1617.660,
    5754.356,    9488.840,    3734.484,
   11393.740,   20991.761,    9598.021,
   22901.500,   38222.472,   15320.972,
   40150.824,   43980.171,    3829.347,
   51693.841,   66990.934,   15297.093,
   68955.771,   78471.583,    9515.812,
   80447.249,   86400.000,    5952.751,
Is_True,          75.0766%,
Analysis,STARLINK-1551 - IOAG-North1,
       Rise,         Set, Duration (s),
       0.000,    9448.354,    9448.354,
   11361.303,   20962.617,    9601.314,
   22892.123,   38238.929,   15346.806,
   40158.809,   49710.293,    9551.484,
   51664.245,   66970.011,   15305.766,
   68951.260,   78491.333,    9540.073,
   80469.401,   86400.000,    5930.599,
Is_True,          86.4866%,
Analysis,STARLINK-1551 - IOAG-North2,
       Rise,         Set, Duration (s),
       0.000,    9479.047,    9479.047,
   11386.488,   20965.946,    9579.458,
   22875.534,   38211.088,   15335.554,
   40159.102,   49730.219,    9571.117,
   51689.143,   66965.282,   15276.139,
   68933.961,   78456.752,    9522.791,
   80449.147,   86400.000,    5950.853,
Is_True,          86.4756%,
Analysis,STARLINK-1551 - IOAG-South1,
       Rise,         Set, Duration (s),
       0.000,    9489.050,    9489.050,
   11363.490,   20987.222,    9623.731,
   22874.685,   38236.996,   15362.310,
   40176.543,   49751.253,    9574.711,
   51681.673,   66990.481,   15308.808,
   68939.928,   78478.197,    9538.269,
   80467.051,   86400.000,    5932.949,
Is_True,          86.6086%,
Analysis,STARLINK-1551 - IOAG-South2,
       Rise,         Set, Duration (s),
       0.000,    9472.918,    9472.918,
   17141.759,   20991.632,    3849.873,
   22897.368,   38245.944,   15348.576,
   40154.319,   49736.587,    9582.268,
   51669.291,   66998.787,   15329.497,
   68958.788,   78496.556,    9537.768,
   80459.888,   86400.000,    5940.112,
Is_True,          79.9317%,
Analysis,STARLINK-3814 - STARLINK-2645,
       Rise,         Set, Duration (s),
   57198.569,   64680.142,    7481.573,
   64864.915,   69455.654,    4590.739,
Is_True,          13.9726%,
Analysis,STARLINK-3814 - STARLINK-1647,
       Rise,         Set, Duration (s),
   31758.649,   32412.265,     653.616,
   42692.662,   43475.221,     782.559,
Is_True,           1.6622%,
Analysis,STARLINK-3814 - STARLINK-3087,
       Rise,         Set, Duration (s),
    3503.709,    4058.618,     554.909,
   64305.560,   64968.729,     663.168,
Is_True,           1.4098%,
Analysis,STARLINK-3814 - STARLINK-2214,
       Rise,         Set, Duration (s),
    6916.460,    8007.152,    1090.692,
   78565.456,   79665.980,    1100.524,
Is_True,           2.5361%,
Analysis,STARLINK-3814 - STARLINK-3567,
       Rise,         Set, Duration (s),
   32172.593,   32701.874,     529.281,
   42910.300,   43560.065,     649.765,
   53743.320,   54332.704,     589.384,
   64702.275,   64990.582,     288.308,
Is_True,           2.3805%,
Analysis,STARLINK-3814 - STARLINK-3596,
       Rise,         Set, Duration (s),
Is_True,           0.0000%,
Analysis,STARLINK-3814 - IOAG-Equatorial,
       Rise,         Set, Duration (s),
   12679.907,   21150.119,    8470.212,
   23306.280,   31769.611,    8463.331,
   33928.699,   42412.814,    8484.115,
   49918.309,   53073.736,    3155.427,
   55252.199,   63724.043,    8471.844,
   65902.852,   74365.134,    8462.282,
   76545.618,   85025.254,    8479.636,
Is_True,          62.4848%,
Analysis,STARLINK-3814 - IOAG-North1,
       Rise,         Set, Duration (s),
    2023.094,    5199.242,    3176.148,
   12663.046,   21156.985,    8493.938,
   23308.887,   31789.301,    8480.414,
   33950.257,   42414.998,    8464.741,
   44580.668,   53071.273,    8490.606,
   55239.366,   63728.518,    8489.152,
   65903.064,   74381.487,    8478.423,
   76563.752,   85028.942,    8465.190,
Is_True,          72.3827%,
Analysis,STARLINK-3814 - IOAG-North2,
       Rise,         Set, Duration (s),
    2041.492,    5213.946,    3172.454,
   12672.945,   21138.089,    8465.144,
   23291.988,   31784.978,    8492.989,
   33941.369,   42432.700,    8491.330,
   44596.161,   53075.340,    8479.179,
   55247.259,   63711.933,    8464.674,
   65888.871,   74377.652,    8488.782,
   76556.816,   85044.477,    8487.661,
Is_True,          72.3868%,
Analysis,STARLINK-3814 - IOAG-South1,
       Rise,         Set, Duration (s),
    2030.983,    5185.705,    3154.722,
   12647.760,   21118.452,    8470.692,
   23280.193,   31767.928,    8487.734,
   39271.853,   42419.587,    3147.733,
   44587.617,   53047.234,    8459.617,
   55223.756,   63692.880,    8469.124,
   65875.050,   74359.864,    8484.814,
   76548.695,   85034.595,    8485.899,
Is_True,          66.1578%,
Analysis,STARLINK-3814 - IOAG-South2,
       Rise,         Set, Duration (s),
    2012.763,    5178.184,    3165.421,
   17989.025,   21142.069,    3153.043,
   23299.357,   31759.496,    8460.139,
   33925.820,   42395.596,    8469.775,
   44567.726,   53053.769,    8486.043,
   55232.616,   63717.084,    8484.468,
   65895.480,   74355.058,    8459.578,
   76541.295,   85010.305,    8469.010,
Is_True,          66.1429%,
Analysis,STARLINK-2645 - STARLINK-1647,
       Rise,         Set, Duration (s),
Is_True,           0.0000%,
Analysis,STARLINK-2645 - STARLINK-3087,
       Rise,         Set, Duration (s),
    6743.945,    7221.108,     477.163,
   21100.607,   21643.175,     542.567,
   35461.441,   36060.074,     598.633,
   49825.392,   50474.526,     649.134,
   64191.314,   64886.129,     694.816,
   78560.940,   79294.573,     733.632,
Is_True,           4.2777%,
Analysis,STARLINK-2645 - STARLINK-2214,
       Rise,         Set, Duration (s),
Is_True,           0.0000%,
Analysis,STARLINK-2645 - STARLINK-3567,
       Rise,         Set, Duration (s),
   39221.106,   39663.163,     442.056,
   50294.782,   51038.340,     743.558,
   64285.523,   65111.203,     825.679,
   75580.032,   76273.326,     693.294,
Is_True,           3.1303%,
Analysis,STARLINK-2645 - STARLINK-3596,
       Rise,         Set, Duration (s),
   21033.387,   21833.711,     800.324,
   32227.681,   33037.210,     809.529,
   46404.154,   46861.107,     456.953,
Is_True,           2.3921%,
Analysis,STARLINK-2645 - IOAG-Equatorial,
       Rise,         Set, Duration (s),
       0.000,     629.675,     629.675,
    8550.974,   17884.592,    9333.618,
   20045.871,   23623.994,    3578.123,
   25784.011,   35103.419,    9319.408,
   37266.601,   45491.471,    8224.870,
   49695.466,   52364.134,    2668.668,
   54528.621,   63859.357,    9330.737,
   66018.334,   75336.265,    9317.931,
   77495.656,   81080.935,    3585.279,
   83242.345,   86400.000,    3157.655,
Is_True,          68.4560%,
Analysis,STARLINK-2645 - IOAG-North1,
       Rise,         Set, Duration (s),
       0.000,    6379.097,    6379.097,
    8542.633,   17881.281,    9338.648,
   20044.974,   23630.786,    3585.813,
   25794.114,   35119.400,    9325.286,
   37276.865,   46604.660,    9327.795,
   48769.446,   52355.754,    3586.308,
   54520.458,   63857.378,    9336.919,
   66020.605,   75353.136,    9332.531,
   77511.300,   81090.602,    3579.302,
   83247.867,   86400.000,    3152.133,
Is_True,          77.4813%,
Analysis,STARLINK-2645 - IOAG-North2,
       Rise,         Set, Duration (s),
       0.000,    6391.540,    6391.540,
    8553.170,   17868.498,    9315.328,
   20030.840,   23616.042,    3585.203,
   25780.577,   35118.366,    9337.789,
   37282.959,   46618.287,    9335.328,
   48781.437,   52365.169,    3583.732,
   54526.040,   63844.384,    9318.344,
   66007.544,   75345.188,    9337.644,
   77508.614,   81096.274,    3587.659,
   83258.787,   86400.000,    3141.213,
Is_True,          77.4697%,
Analysis,STARLINK-2645 - IOAG-South1,
       Rise,         Set, Duration (s),
       0.000,    6369.134,    6369.134,
    8529.688,   17854.173,    9324.485,
   20017.067,   23601.744,    3584.677,
   25766.056,   35082.804,    9316.749,
   37283.169,   46603.554,    9320.385,
   48763.158,   52343.203,    3580.044,
   54503.264,   63831.139,    9327.875,
   65992.602,   75335.478,    9342.876,
   77501.623,   81098.700,    3597.076,
   83258.645,   86400.000,    3141.355,
Is_True,          77.4359%,
Analysis,STARLINK-2645 - IOAG-South2,
       Rise,         Set, Duration (s),
       0.000,    6364.821,    6364.821,
    8530.217,   12122.417,    3592.200,
   20039.652,   23616.916,    3577.264,
   25777.029,   35097.391,    9320.362,
   37259.204,   46590.547,    9331.344,
   48754.713,   52343.986,    3589.273,
   54510.811,   63852.928,    9342.117,
   66011.012,   75331.837,    9320.825,
   77489.733,   81075.009,    3585.276,
   83233.275,   86400.000,    3166.725,
Is_True,          70.8220%,
Analysis,STARLINK-1647 - STARLINK-3087,
       Rise,         Set, Duration (s),
Is_True,           0.0000%,
Analysis,STARLINK-1647 - STARLINK-2214,
       Rise,         Set, Duration (s),
Is_True,           0.0000%,
Analysis,STARLINK-1647 - STARLINK-3567,
       Rise,         Set, Duration (s),
   29064.904,   53564.060,   24499.156,
Is_True,          28.3555%,
Analysis,STARLINK-1647 - STARLINK-3596,
       Rise,         Set, Duration (s),
       0.000,   10525.435,   10525.435,
Is_True,          12.1822%,
Analysis,STARLINK-1647 - IOAG-Equatorial,
       Rise,         Set, Duration (s),
       0.000,    1484.483,    1484.483,
    5689.090,   12984.155,    7295.065,
   15002.304,   24466.134,    9463.830,
   26469.680,   35944.533,    9474.854,
   37934.968,   41692.933,    3757.965,
   49610.392,   53203.607,    3593.215,
   55134.470,   64699.613,    9565.143,
   66600.246,   70438.219,    3837.973,
   72332.431,   81925.618,    9593.187,
   83794.978,   86400.000,    2605.022,
Is_True,          70.2208%,
Analysis,STARLINK-1647 - IOAG-North1,
       Rise,         Set, Duration (s),
       0.000,   12949.974,   12949.974,
   14976.925,   24449.245,    9472.319,
   26451.904,   35962.836,    9510.932,
   37941.731,   41690.697,    3748.966,
   43659.947,   53166.816,    9506.869,
   55109.338,   64669.710,    9560.372,
   66576.192,   70429.235,    3853.043,
   72317.042,   81940.551,    9623.509,
   83794.410,   86400.000,    2605.590,
Is_True,          81.9810%,
Analysis,STARLINK-1647 - IOAG-North2,
       Rise,         Set, Duration (s),
       0.000,   12980.668,   12980.668,
   15007.021,   24444.468,    9437.447,
   26451.607,   35928.917,    9477.310,
   37910.430,   41679.359,    3768.929,
   43645.920,   53194.778,    9548.857,
   55132.605,   64675.017,    9542.412,
   66587.168,   70412.726,    3825.558,
   72309.083,   81911.912,    9602.829,
   83766.635,   86400.000,    2633.365,
Is_True,          81.9646%,
Analysis,STARLINK-1647 - IOAG-South1,
       Rise,         Set, Duration (s),
       0.000,   12989.034,   12989.034,
   15024.087,   24470.842,    9446.754,
   26483.951,   35062.061,    8578.110,
   37930.314,   41708.654,    3778.340,
   43678.961,   53209.498,    9530.537,
   55160.512,   64698.311,    9537.799,
   66622.155,   70440.778,    3818.623,
   72345.032,   81942.222,    9597.190,
   83795.753,   86400.000,    2604.247,
Is_True,          80.8804%,
Analysis,STARLINK-1647 - IOAG-South2,
       Rise,         Set, Duration (s),
       0.000,   12971.212,   12971.212,
   14995.525,   24476.221,    9480.695,
   26486.374,   35968.396,    9482.022,
   37960.382,   41710.871,    3750.489,
   43690.792,   53192.230,    9501.438,
   60864.467,   64701.753,    3837.286,
   66613.243,   70454.836,    3841.593,
   72355.477,   81950.121,    9594.644,
   83823.368,   86400.000,    2576.632,
Is_True,          75.2732%,
Analysis,STARLINK-3087 - STARLINK-2214,
       Rise,         Set, Duration (s),
    2902.077,    3738.081,     836.004,
   14390.735,   18159.491,    3768.756,
   28751.880,   32566.552,    3814.672,
   43127.531,   46976.964,    3849.433,
   57499.283,   61373.175,    3873.892,
   71885.395,   75772.936,    3887.541,
   86267.710,   86400.000,     132.290,
Is_True,          23.3363%,
Analysis,STARLINK-3087 - STARLINK-3567,
       Rise,         Set, Duration (s),
   61205.232,   86400.000,   25194.768,
Is_True,          29.1606%,
Analysis,STARLINK-3087 - STARLINK-3596,
       Rise,         Set, Duration (s),
   19066.595,   42419.851,   23353.256,
Is_True,          27.0292%,
Analysis,STARLINK-3087 - IOAG-Equatorial,
       Rise,         Set, Duration (s),
    7457.868,   16875.747,    9417.878,
   19020.069,   28432.260,    9412.191,
   30577.596,   34210.275,    3632.679,
   36356.345,   45536.804,    9180.459,
   49598.618,   57325.816,    7727.198,
   59476.447,   63104.676,    3628.229,
   65255.375,   74661.061,    9405.686,
   76811.462,   86219.001,    9407.540,
Is_True,          71.5415%,
Analysis,STARLINK-3087 - IOAG-North1,
       Rise,         Set, Duration (s),
    1666.107,    5305.231,    3639.124,
    7439.534,   16855.815,    9416.281,
   18998.421,   28421.313,    9422.892,
   30571.177,   34210.786,    3639.610,
   36362.593,   45756.801,    9394.208,
   47902.694,   57305.334,    9402.640,
   59455.416,   63085.230,    3629.814,
   65236.782,   74656.574,    9419.792,
   76810.786,   86213.314,    9402.528,
Is_True,          77.9709%,
Analysis,STARLINK-3087 - IOAG-North2,
       Rise,         Set, Duration (s),
    1660.009,    5306.077,    3646.068,
    7448.039,   16879.391,    9431.352,
   19016.646,   28416.307,    9399.661,
   30559.570,   34191.208,    3631.638,
   36337.526,   45751.933,    9414.406,
   47903.394,   57328.618,    9425.225,
   59479.972,   63100.706,    3620.734,
   65246.954,   74643.265,    9396.311,
   76792.666,   86202.121,    9409.455,
Is_True,          77.9802%,
Analysis,STARLINK-3087 - IOAG-South1,
       Rise,         Set, Duration (s),
    1687.077,    5334.074,    3646.996,
    7473.914,   16895.407,    9421.494,
   19035.691,   28442.518,    9406.826,
   30583.713,   34210.088,    3626.375,
   36353.425,   45778.351,    9424.926,
   47930.748,   57344.111,    9413.363,
   59494.223,   63121.679,    3627.456,
   65270.696,   74666.432,    9395.736,
   76812.363,   86226.160,    9413.796,
Is_True,          77.9826%,
Analysis,STARLINK-3087 - IOAG-South2,
       Rise,         Set, Duration (s),
    1691.463,    5332.320,    3640.857,
    7465.240,   16871.843,    9406.603,
   19019.987,   28448.078,    9428.091,
   30595.457,   34229.773,    3634.316,
   36376.675,   45782.776,    9406.102,
   47928.885,   56939.945,    9011.060,
   59471.196,   63106.955,    3635.758,
   65261.972,   74679.326,    9417.354,
   76830.687,   86236.505,    9405.818,
Is_True,          77.5300%,
Analysis,STARLINK-2214 - STARLINK-3567,
       Rise,         Set, Duration (s),
   60807.097,   61341.239,     534.142,
   71865.348,   72736.591,     871.243,
   85887.307,   86400.000,     512.693,
Is_True,           2.2200%,
Analysis,STARLINK-2214 - STARLINK-3596,
       Rise,         Set, Duration (s),
   28665.478,   29362.454,     696.976,
   42606.380,   43421.331,     814.950,
   53880.581,   54546.837,     666.256,
Is_True,           2.5210%,
Analysis,STARLINK-2214 - IOAG-Equatorial,
       Rise,         Set, Duration (s),
    7259.469,   16696.237,    9436.768,
   18763.891,   28179.695,    9415.803,
   30243.232,   45440.028,   15196.796,
   49584.072,   56967.231,    7383.159,
   59020.014,   74199.795,   15179.782,
   76246.032,   85704.989,    9458.958,
Is_True,          76.4714%,
Analysis,STARLINK-2214 - IOAG-North1,
       Rise,         Set, Duration (s),
    1496.219,    5163.884,    3667.665,
    7250.247,   16676.906,    9426.658,
   18759.133,   28192.646,    9433.513,
   30262.893,   33947.361,    3684.468,
   36005.399,   45430.724,    9425.325,
   47497.439,   56940.922,    9443.484,
   59007.547,   74217.080,   15209.534,
   76266.650,   85704.986,    9438.337,
Is_True,          80.7048%,
Analysis,STARLINK-2214 - IOAG-North2,
       Rise,         Set, Duration (s),
    1513.553,    5182.663,    3669.110,
    7264.199,   16677.704,    9413.506,
   18744.590,   28173.433,    9428.843,
   30250.227,   33929.612,    3679.385,
   36005.156,   45445.841,    9440.684,
   47513.121,   56957.934,    9444.813,
   59003.734,   74196.347,   15192.613,
   76256.514,   85711.732,    9455.218,
Is_True,          80.6993%,
Analysis,STARLINK-2214 - IOAG-South1,
       Rise,         Set, Duration (s),
    1498.992,    5170.953,    3671.961,
    7238.761,   16665.566,    9426.806,
   18728.809,   28171.016,    9442.207,
   30236.762,   33932.089,    3695.327,
   36026.155,   45446.505,    9420.349,
   47496.313,   56940.664,    9444.351,
   58983.928,   74198.056,   15214.128,
   76248.431,   85724.344,    9475.913,
Is_True,          80.7767%,
Analysis,STARLINK-2214 - IOAG-South2,
       Rise,         Set, Duration (s),
    1480.296,    5159.778,    3679.482,
    7235.305,   16686.332,    9451.027,
   18757.240,   28181.124,    9423.884,
   30237.339,   45428.597,   15191.258,
   47482.077,   56947.478,    9465.401,
   59010.742,   74206.244,   15195.502,
   76242.307,   85703.944,    9461.637,
Is_True,          83.1808%,
Analysis,STARLINK-3567 - STARLINK-3596,
       Rise,         Set, Duration (s),
Is_True,           0.0000%,
Analysis,STARLINK-3567 - IOAG-Equatorial,
       Rise,         Set, Duration (s),
       0.000,    1593.568,    1593.568,
    5657.027,   14039.133,    8382.106,
   16236.933,   19537.825,    3300.892,
   27230.746,   30533.348,    3302.602,
   32728.440,   41538.927,    8810.487,
   49630.661,   52556.680,    2926.019,
   54744.959,   63572.700,    8827.741,
   65755.193,   74584.367,    8829.174,
   76764.375,   85607.420,    8843.045,
Is_True,          63.4440%,
Analysis,STARLINK-3567 - IOAG-North1,
       Rise,         Set, Duration (s),
       0.000,    3025.133,    3025.133,
    5221.850,   14014.644,    8792.794,
   16213.046,   19516.142,    3303.096,
   27220.330,   30531.664,    3311.334,
   32730.290,   41537.143,    8806.852,
   43725.711,   52533.702,    8807.991,
   54722.157,   63550.729,    8828.572,
   65736.187,   74584.973,    8848.786,
   76767.122,   85603.630,    8836.508,
Is_True,          72.4086%,
Analysis,STARLINK-3567 - IOAG-North2,
       Rise,         Set, Duration (s),
       0.000,    3025.665,    3025.665,
    5227.274,   14039.315,    8812.041,
   16236.944,   19529.656,    3292.713,
   27214.464,   30516.981,    3302.516,
   32711.617,   41524.853,    8813.236,
   43718.368,   52549.684,    8831.317,
   54741.627,   63561.808,    8820.181,
   65742.915,   74567.540,    8824.626,
   76746.676,   85593.762,    8847.086,
Is_True,          72.4183%,
Analysis,STARLINK-3567 - IOAG-South1,
       Rise,         Set, Duration (s),
       0.000,    3049.435,    3049.435,
    5250.825,   14049.515,    8798.690,
   16247.660,   19547.237,    3299.577,
   27238.464,   30539.218,    3300.754,
   38230.360,   41547.154,    3316.794,
   43743.103,   52567.890,    8824.788,
   54758.419,   63580.730,    8822.310,
   65765.687,   74589.114,    8823.427,
   76766.234,   85618.176,    8851.942,
Is_True,          66.0737%,
Analysis,STARLINK-3567 - IOAG-South2,
       Rise,         Set, Duration (s),
       0.000,    3048.856,    3048.856,
    5245.689,   13183.192,    7937.503,
   16229.771,   19537.577,    3307.805,
   27244.258,   30550.503,    3306.244,
   32747.093,   41555.361,    8808.268,
   43747.613,   52555.576,    8807.963,
   60245.324,   63574.019,    3328.695,
   65761.688,   74602.554,    8840.866,
   76783.887,   85623.318,    8839.431,
Is_True,          65.0760%,
Analysis,STARLINK-3596 - IOAG-Equatorial,
       Rise,         Set, Duration (s),
       0.000,    1174.136,    1174.136,
    8778.132,   17642.923,    8864.791,
   19737.667,   23125.204,    3387.538,
   30692.870,   34088.080,    3395.210,
   41649.044,   45068.543,    3419.499,
   49624.762,   56058.928,    6434.167,
   58087.502,   67032.258,    8944.756,
   69043.286,   77998.015,    8954.729,
   79997.083,   86400.000,    6402.917,
Is_True,          59.0020%,
Analysis,STARLINK-3596 - IOAG-North1,
       Rise,         Set, Duration (s),
       0.000,    6641.300,    6641.300,
    8756.842,   17613.251,    8856.409,
   19713.537,   28601.346,    8887.809,
   30685.381,   34100.675,    3415.293,
   41646.493,   45054.372,    3407.879,
   47113.163,   56022.500,    8909.337,
   58060.559,   67010.808,    8950.249,
   69023.595,   78015.984,    8992.389,
   80004.943,   86400.000,    6395.057,
Is_True,          74.6015%,
Analysis,STARLINK-3596 - IOAG-North2,
       Rise,         Set, Duration (s),
       0.000,    6654.666,    6654.666,
    8769.361,   17634.858,    8865.496,
   19732.118,   28585.907,    8853.789,
   30671.737,   34071.184,    3399.446,
   41627.733,   45055.005,    3427.272,
   47111.377,   56054.815,    8943.438,
   58092.223,   67008.404,    8916.181,
   69024.930,   77980.443,    8955.513,
   79970.935,   86400.000,    6429.065,
Is_True,          74.5890%,
Analysis,STARLINK-3596 - IOAG-South1,
       Rise,         Set, Duration (s),
       0.000,    6676.415,    6676.415,
    8796.533,   17648.105,    8851.571,
   19755.186,   23130.930,    3375.744,
   30699.822,   34092.809,    3392.987,
   41655.620,   45083.493,    3427.872,
   47145.368,   56063.807,    8918.439,
   58110.171,   67034.955,    8924.785,
   69059.188,   78003.558,    8944.371,
   79991.637,   86400.000,    6408.363,
Is_True,          68.1951%,
Analysis,STARLINK-3596 - IOAG-South2,
       Rise,         Set, Duration (s),
       0.000,    6667.085,    6667.085,
    8783.885,   17636.145,    8852.260,
   19739.522,   23132.318,    3392.797,
   30713.845,   34110.867,    3397.022,
   41671.632,   45079.982,    3408.350,
   47145.094,   56044.725,    8899.631,
   58080.320,   67040.993,    8960.674,
   69059.994,   78023.562,    8963.568,
   80024.285,   86400.000,    6375.715,
Is_True,          68.1911%,
Analysis,IOAG-Equatorial - IOAG-North1,
       Rise,         Set, Duration (s),
       0.000,   30361.438,   30361.438,
   36946.619,   73560.287,   36613.668,
   80145.115,   86400.000,    6254.885,
Is_True,          84.7569%,
Analysis,IOAG-Equatorial - IOAG-North2,
       Rise,         Set, Duration (s),
       0.000,   86400.000,   86400.000,
Is_True,         100.0000%,
Analysis,IOAG-Equatorial - IOAG-South1,
       Rise,         Set, Duration (s),
     708.899,   37414.697,   36705.798,
   43908.448,   80613.196,   36704.748,
Is_True,          84.9659%,
Analysis,IOAG-Equatorial - IOAG-South2,
       Rise,         Set, Duration (s),
       0.000,   86400.000,   86400.000,
Is_True,         100.0000%,
Analysis,IOAG-North1 - IOAG-North2,
       Rise,         Set, Duration (s),
       0.000,   14232.103,   14232.103,
   16961.396,   35831.238,   18869.843,
   38560.531,   57430.373,   18869.843,
   60159.666,   79029.509,   18869.842,
   81758.801,   86400.000,    4641.199,
Is_True,          87.3644%,
Analysis,IOAG-North1 - IOAG-South1,
       Rise,         Set, Duration (s),
       0.000,   35806.354,   35806.354,
   38597.065,   79004.538,   40407.472,
   81795.249,   86400.000,    4604.751,
Is_True,          93.5400%,
Analysis,IOAG-North1 - IOAG-South2,
       Rise,         Set, Duration (s),
       0.000,   21692.947,   21692.947,
   31210.523,   64890.384,   33679.861,
   74407.978,   86400.000,   11992.022,
Is_True,          77.9686%,
Analysis,IOAG-North2 - IOAG-South1,
       Rise,         Set, Duration (s),
       0.000,      94.229,      94.229,
    9611.795,   43291.665,   33679.871,
   52809.251,   86400.000,   33590.749,
Is_True,          77.9686%,
Analysis,IOAG-North2 - IOAG-South2,
       Rise,         Set, Duration (s),
       0.000,   14207.262,   14207.262,
   16997.974,   57405.446,   40407.472,
   60196.157,   86400.000,   26203.843,
Is_True,          93.5400%,
Analysis,IOAG-South1 - IOAG-South2,
       Rise,         Set, Duration (s),
       0.000,   14232.103,   14232.103,
   16961.396,   35831.238,   18869.843,
   38560.531,   57430.373,   18869.843,
   60159.666,   79029.509,   18869.842,
   81758.801,   86400.000,    4641.199,
Is_True,          87.3644%,
